%  columns=["iteration, evaluation, sigma, void, void, stds==sigma*sqrt(diag(C))" (startseed=208486, 2016/06/18 20:18:6.86)
1 15 1.878329e-01 0 0 1.874726e-01 1.876700e-01 1.876867e-01 1.875689e-01 1.875401e-01 1.873206e-01 1.874405e-01 1.879300e-01 1.881738e-01 1.876239e-01 1.875941e-01 1.873190e-01 1.877551e-01 1.873713e-01 1.878204e-01 1.877950e-01 1.878502e-01 1.878612e-01 1.877072e-01 1.876165e-01 1.874117e-01 1.874639e-01 1.876889e-01 1.886540e-01 1.874572e-01 1.873607e-01 1.876405e-01 1.875940e-01 1.874008e-01 1.874448e-01 1.876176e-01 1.876294e-01 
2 29 1.808131e-01 0 0 1.800739e-01 1.803922e-01 1.804507e-01 1.804779e-01 1.801232e-01 1.800538e-01 1.808037e-01 1.804574e-01 1.806767e-01 1.806714e-01 1.805822e-01 1.802241e-01 1.806407e-01 1.802131e-01 1.804611e-01 1.805839e-01 1.808732e-01 1.804315e-01 1.804246e-01 1.806140e-01 1.804470e-01 1.806808e-01 1.803507e-01 1.817301e-01 1.800453e-01 1.803212e-01 1.803885e-01 1.804674e-01 1.805777e-01 1.803772e-01 1.808394e-01 1.804984e-01 
3 43 1.761421e-01 0 0 1.758661e-01 1.753498e-01 1.755105e-01 1.760458e-01 1.755236e-01 1.749767e-01 1.758757e-01 1.756772e-01 1.757117e-01 1.758619e-01 1.757527e-01 1.754630e-01 1.760245e-01 1.755391e-01 1.756420e-01 1.763981e-01 1.760620e-01 1.754688e-01 1.753300e-01 1.758697e-01 1.762286e-01 1.759588e-01 1.752295e-01 1.769455e-01 1.755123e-01 1.757685e-01 1.753657e-01 1.755524e-01 1.757428e-01 1.753566e-01 1.762151e-01 1.759506e-01 
4 57 1.802276e-01 0 0 1.797003e-01 1.801542e-01 1.792423e-01 1.803498e-01 1.805165e-01 1.788936e-01 1.795287e-01 1.795766e-01 1.794821e-01 1.802544e-01 1.798587e-01 1.792417e-01 1.801283e-01 1.796633e-01 1.795536e-01 1.805434e-01 1.798906e-01 1.796142e-01 1.794296e-01 1.799665e-01 1.803836e-01 1.805791e-01 1.793869e-01 1.812526e-01 1.794824e-01 1.794893e-01 1.791751e-01 1.791635e-01 1.798993e-01 1.799337e-01 1.805073e-01 1.811653e-01 
5 71 1.869363e-01 0 0 1.862914e-01 1.866653e-01 1.854812e-01 1.877311e-01 1.872307e-01 1.860964e-01 1.859364e-01 1.867256e-01 1.863031e-01 1.870196e-01 1.862208e-01 1.855018e-01 1.877127e-01 1.864054e-01 1.860130e-01 1.879058e-01 1.863365e-01 1.863520e-01 1.858375e-01 1.870354e-01 1.869788e-01 1.879963e-01 1.856396e-01 1.879424e-01 1.866496e-01 1.866835e-01 1.859780e-01 1.861925e-01 1.864841e-01 1.865469e-01 1.872340e-01 1.888734e-01 
6 85 1.891640e-01 0 0 1.881025e-01 1.898193e-01 1.874704e-01 1.904147e-01 1.897454e-01 1.881316e-01 1.877912e-01 1.893523e-01 1.882514e-01 1.892272e-01 1.884162e-01 1.877380e-01 1.899286e-01 1.883926e-01 1.878388e-01 1.897493e-01 1.880776e-01 1.885651e-01 1.885256e-01 1.894018e-01 1.888413e-01 1.904635e-01 1.880442e-01 1.901051e-01 1.886092e-01 1.893890e-01 1.878010e-01 1.880925e-01 1.882444e-01 1.888863e-01 1.892387e-01 1.921583e-01 
7 99 1.903520e-01 0 0 1.891430e-01 1.917560e-01 1.881804e-01 1.921663e-01 1.911461e-01 1.888320e-01 1.887384e-01 1.904841e-01 1.890265e-01 1.901491e-01 1.898104e-01 1.888244e-01 1.911591e-01 1.899093e-01 1.893077e-01 1.905158e-01 1.889013e-01 1.895167e-01 1.894313e-01 1.904168e-01 1.895057e-01 1.919556e-01 1.893824e-01 1.910458e-01 1.896817e-01 1.903596e-01 1.886695e-01 1.888106e-01 1.891019e-01 1.904334e-01 1.907497e-01 1.940874e-01 
8 113 1.956877e-01 0 0 1.943131e-01 1.970370e-01 1.931617e-01 1.992733e-01 1.975536e-01 1.939127e-01 1.940117e-01 1.954788e-01 1.952397e-01 1.951124e-01 1.948241e-01 1.940992e-01 1.962297e-01 1.950603e-01 1.946887e-01 1.957412e-01 1.943178e-01 1.946401e-01 1.952569e-01 1.957604e-01 1.955021e-01 1.972985e-01 1.945440e-01 1.963621e-01 1.950279e-01 1.955916e-01 1.943018e-01 1.956813e-01 1.940224e-01 1.960009e-01 1.971855e-01 2.002171e-01 
9 127 1.983706e-01 0 0 1.977240e-01 2.000273e-01 1.962611e-01 2.024825e-01 2.002654e-01 1.965985e-01 1.966531e-01 1.983676e-01 1.978616e-01 1.976597e-01 1.973245e-01 1.967518e-01 1.985779e-01 1.977855e-01 1.972532e-01 1.981128e-01 1.967428e-01 1.981337e-01 1.979201e-01 1.982712e-01 1.978263e-01 1.999358e-01 1.972741e-01 1.991654e-01 1.975778e-01 1.981054e-01 1.971243e-01 1.984818e-01 1.965634e-01 1.986527e-01 1.998810e-01 2.032398e-01 
10 141 2.027367e-01 0 0 2.025451e-01 2.046697e-01 2.007384e-01 2.068051e-01 2.052745e-01 2.009195e-01 2.007690e-01 2.027412e-01 2.022288e-01 2.018028e-01 2.013659e-01 2.008825e-01 2.028987e-01 2.017965e-01 2.012502e-01 2.023192e-01 2.011484e-01 2.027464e-01 2.021592e-01 2.024035e-01 2.022916e-01 2.039351e-01 2.018118e-01 2.034174e-01 2.017264e-01 2.020907e-01 2.018599e-01 2.025731e-01 2.007869e-01 2.032384e-01 2.050177e-01 2.079439e-01 
11 155 2.106968e-01 0 0 2.102738e-01 2.126219e-01 2.088298e-01 2.157916e-01 2.137904e-01 2.084726e-01 2.085112e-01 2.109884e-01 2.100403e-01 2.102151e-01 2.092726e-01 2.085067e-01 2.106236e-01 2.095935e-01 2.092055e-01 2.097836e-01 2.087988e-01 2.111262e-01 2.098014e-01 2.111615e-01 2.100707e-01 2.118626e-01 2.097422e-01 2.112009e-01 2.094887e-01 2.096176e-01 2.120340e-01 2.112610e-01 2.081951e-01 2.107081e-01 2.133990e-01 2.164122e-01 
12 169 2.179400e-01 0 0 2.174601e-01 2.199076e-01 2.161513e-01 2.230140e-01 2.211854e-01 2.152563e-01 2.155491e-01 2.184014e-01 2.172785e-01 2.183770e-01 2.166692e-01 2.155335e-01 2.177354e-01 2.165051e-01 2.164487e-01 2.169549e-01 2.161770e-01 2.182281e-01 2.170206e-01 2.185814e-01 2.170614e-01 2.187101e-01 2.181367e-01 2.181922e-01 2.162727e-01 2.172655e-01 2.219711e-01 2.182687e-01 2.151606e-01 2.181760e-01 2.212016e-01 2.245573e-01 
13 183 2.233344e-01 0 0 2.233793e-01 2.251930e-01 2.213125e-01 2.282137e-01 2.275821e-01 2.200968e-01 2.212412e-01 2.242487e-01 2.221325e-01 2.250083e-01 2.218981e-01 2.206525e-01 2.226749e-01 2.213180e-01 2.212999e-01 2.219720e-01 2.220965e-01 2.235844e-01 2.220421e-01 2.240739e-01 2.220358e-01 2.236367e-01 2.236831e-01 2.232737e-01 2.213137e-01 2.223690e-01 2.297249e-01 2.233849e-01 2.201681e-01 2.230247e-01 2.272638e-01 2.303339e-01 
14 197 2.294758e-01 0 0 2.294685e-01 2.315073e-01 2.277181e-01 2.341150e-01 2.345710e-01 2.256467e-01 2.273870e-01 2.298448e-01 2.284205e-01 2.313549e-01 2.276426e-01 2.275440e-01 2.286985e-01 2.273429e-01 2.267653e-01 2.280776e-01 2.282587e-01 2.295309e-01 2.286830e-01 2.302393e-01 2.277064e-01 2.296801e-01 2.304374e-01 2.290995e-01 2.274873e-01 2.284350e-01 2.399934e-01 2.292596e-01 2.261767e-01 2.286815e-01 2.338846e-01 2.365045e-01 
15 211 2.397015e-01 0 0 2.403068e-01 2.416049e-01 2.390480e-01 2.440611e-01 2.450848e-01 2.353973e-01 2.375696e-01 2.398016e-01 2.387490e-01 2.424126e-01 2.371670e-01 2.374298e-01 2.383964e-01 2.370019e-01 2.375180e-01 2.375889e-01 2.380937e-01 2.402230e-01 2.398283e-01 2.400875e-01 2.392736e-01 2.402072e-01 2.414508e-01 2.391480e-01 2.374429e-01 2.381407e-01 2.549151e-01 2.394245e-01 2.360918e-01 2.383113e-01 2.461218e-01 2.469237e-01 
16 225 2.511307e-01 0 0 2.515402e-01 2.527595e-01 2.507998e-01 2.556856e-01 2.573668e-01 2.468862e-01 2.488078e-01 2.509551e-01 2.496707e-01 2.549039e-01 2.481669e-01 2.487949e-01 2.497472e-01 2.477252e-01 2.500968e-01 2.492437e-01 2.495316e-01 2.519542e-01 2.535552e-01 2.511383e-01 2.503789e-01 2.518354e-01 2.530308e-01 2.505055e-01 2.492471e-01 2.499404e-01 2.702723e-01 2.506418e-01 2.470033e-01 2.496413e-01 2.585472e-01 2.597057e-01 
17 239 2.563073e-01 0 0 2.569729e-01 2.575442e-01 2.558789e-01 2.607780e-01 2.623969e-01 2.528300e-01 2.548230e-01 2.559873e-01 2.546548e-01 2.606892e-01 2.530963e-01 2.540442e-01 2.550016e-01 2.523671e-01 2.554014e-01 2.544550e-01 2.543886e-01 2.569746e-01 2.597474e-01 2.559857e-01 2.551435e-01 2.565639e-01 2.585089e-01 2.558981e-01 2.544164e-01 2.552125e-01 2.773039e-01 2.555599e-01 2.516496e-01 2.542000e-01 2.640748e-01 2.656008e-01 
18 253 2.618961e-01 0 0 2.619772e-01 2.631226e-01 2.618383e-01 2.660846e-01 2.677671e-01 2.582635e-01 2.604130e-01 2.612140e-01 2.601637e-01 2.663995e-01 2.580011e-01 2.602143e-01 2.604735e-01 2.577816e-01 2.605726e-01 2.595759e-01 2.599215e-01 2.627775e-01 2.661644e-01 2.611915e-01 2.607639e-01 2.618368e-01 2.642225e-01 2.610588e-01 2.596140e-01 2.609240e-01 2.868074e-01 2.606387e-01 2.565891e-01 2.591859e-01 2.706618e-01 2.716465e-01 
19 267 2.679877e-01 0 0 2.679031e-01 2.688508e-01 2.687922e-01 2.718548e-01 2.741059e-01 2.649036e-01 2.664325e-01 2.665941e-01 2.663450e-01 2.731113e-01 2.642446e-01 2.664817e-01 2.666854e-01 2.636143e-01 2.664075e-01 2.651725e-01 2.655294e-01 2.688880e-01 2.721918e-01 2.668031e-01 2.672527e-01 2.675211e-01 2.712135e-01 2.668215e-01 2.650796e-01 2.665774e-01 2.967323e-01 2.663979e-01 2.622170e-01 2.646275e-01 2.771272e-01 2.782815e-01 
20 281 2.697924e-01 0 0 2.695518e-01 2.704367e-01 2.714948e-01 2.735610e-01 2.754169e-01 2.666986e-01 2.679564e-01 2.680610e-01 2.678599e-01 2.751255e-01 2.659605e-01 2.684789e-01 2.679014e-01 2.649997e-01 2.676768e-01 2.662970e-01 2.668557e-01 2.703384e-01 2.739634e-01 2.682838e-01 2.689557e-01 2.690414e-01 2.734509e-01 2.681320e-01 2.667031e-01 2.679355e-01 3.017634e-01 2.680808e-01 2.639124e-01 2.657613e-01 2.789030e-01 2.797317e-01 
21 295 2.805479e-01 0 0 2.800524e-01 2.808346e-01 2.832507e-01 2.839264e-01 2.859404e-01 2.775529e-01 2.806145e-01 2.783637e-01 2.781328e-01 2.867818e-01 2.762323e-01 2.788539e-01 2.790054e-01 2.758698e-01 2.778914e-01 2.767528e-01 2.771234e-01 2.810527e-01 2.852292e-01 2.789255e-01 2.792357e-01 2.798001e-01 2.848152e-01 2.783620e-01 2.772051e-01 2.785840e-01 3.189724e-01 2.791775e-01 2.748621e-01 2.761366e-01 2.901494e-01 2.924543e-01 
22 309 2.913392e-01 0 0 2.914102e-01 2.912869e-01 2.945851e-01 2.947152e-01 2.963031e-01 2.878039e-01 2.913147e-01 2.893004e-01 2.886780e-01 3.008827e-01 2.875231e-01 2.889458e-01 2.894866e-01 2.871065e-01 2.892283e-01 2.866853e-01 2.873127e-01 2.914888e-01 2.963726e-01 2.894388e-01 2.896632e-01 2.900264e-01 2.961385e-01 2.883857e-01 2.873229e-01 2.898440e-01 3.388498e-01 2.898325e-01 2.853127e-01 2.861132e-01 3.013676e-01 3.043015e-01 
23 323 3.027380e-01 0 0 3.028252e-01 3.020507e-01 3.063774e-01 3.059660e-01 3.073393e-01 2.984445e-01 3.049272e-01 3.004596e-01 2.992925e-01 3.129801e-01 3.003401e-01 3.011275e-01 3.001271e-01 2.985681e-01 3.009332e-01 2.973755e-01 2.982701e-01 3.022648e-01 3.081712e-01 3.001162e-01 3.008354e-01 3.013228e-01 3.090236e-01 2.996311e-01 2.983598e-01 3.019576e-01 3.565504e-01 3.009137e-01 2.964000e-01 2.967413e-01 3.131187e-01 3.164980e-01 
24 337 3.127490e-01 0 0 3.124900e-01 3.119654e-01 3.163845e-01 3.159980e-01 3.169695e-01 3.080113e-01 3.160026e-01 3.098345e-01 3.085561e-01 3.225907e-01 3.105173e-01 3.118261e-01 3.116104e-01 3.080021e-01 3.106634e-01 3.064506e-01 3.079649e-01 3.127562e-01 3.184729e-01 3.098532e-01 3.103653e-01 3.110564e-01 3.190308e-01 3.090693e-01 3.096420e-01 3.120604e-01 3.723179e-01 3.105394e-01 3.076030e-01 3.058238e-01 3.228079e-01 3.269803e-01 
25 351 3.188259e-01 0 0 3.183307e-01 3.174641e-01 3.224003e-01 3.216931e-01 3.235417e-01 3.134108e-01 3.226422e-01 3.157553e-01 3.139253e-01 3.280149e-01 3.187109e-01 3.180220e-01 3.170338e-01 3.146174e-01 3.161166e-01 3.120607e-01 3.135714e-01 3.181953e-01 3.244264e-01 3.163171e-01 3.157999e-01 3.166947e-01 3.251458e-01 3.156279e-01 3.158460e-01 3.184488e-01 3.824297e-01 3.163164e-01 3.135419e-01 3.116037e-01 3.283810e-01 3.336171e-01 
26 365 3.308387e-01 0 0 3.300605e-01 3.293348e-01 3.337522e-01 3.332388e-01 3.372611e-01 3.251596e-01 3.348118e-01 3.278096e-01 3.250567e-01 3.402499e-01 3.332654e-01 3.299840e-01 3.284965e-01 3.262314e-01 3.279252e-01 3.235313e-01 3.265433e-01 3.303730e-01 3.372873e-01 3.282687e-01 3.270149e-01 3.287877e-01 3.376822e-01 3.271994e-01 3.289475e-01 3.307815e-01 3.999939e-01 3.278182e-01 3.261326e-01 3.230159e-01 3.401486e-01 3.471047e-01 
27 379 3.421397e-01 0 0 3.412426e-01 3.405185e-01 3.442158e-01 3.450400e-01 3.485519e-01 3.366870e-01 3.478373e-01 3.386449e-01 3.361945e-01 3.510630e-01 3.453476e-01 3.414873e-01 3.390623e-01 3.376741e-01 3.391118e-01 3.343202e-01 3.379165e-01 3.412617e-01 3.493625e-01 3.416429e-01 3.390859e-01 3.395778e-01 3.491115e-01 3.390152e-01 3.415771e-01 3.417090e-01 4.153796e-01 3.389746e-01 3.374425e-01 3.340014e-01 3.513935e-01 3.592898e-01 
28 393 3.510135e-01 0 0 3.493339e-01 3.494029e-01 3.527759e-01 3.534146e-01 3.570099e-01 3.465450e-01 3.583419e-01 3.467851e-01 3.450994e-01 3.593132e-01 3.545956e-01 3.496270e-01 3.471103e-01 3.458822e-01 3.475601e-01 3.425310e-01 3.464206e-01 3.497120e-01 3.588853e-01 3.507901e-01 3.480986e-01 3.488385e-01 3.596478e-01 3.482476e-01 3.508546e-01 3.506621e-01 4.271345e-01 3.477967e-01 3.471268e-01 3.419736e-01 3.604837e-01 3.681138e-01 
29 407 3.541026e-01 0 0 3.517540e-01 3.519817e-01 3.554982e-01 3.559540e-01 3.599600e-01 3.511610e-01 3.619204e-01 3.491463e-01 3.487216e-01 3.619211e-01 3.577014e-01 3.528009e-01 3.500993e-01 3.481771e-01 3.502179e-01 3.456729e-01 3.488602e-01 3.526049e-01 3.615371e-01 3.550744e-01 3.518435e-01 3.514554e-01 3.640086e-01 3.512687e-01 3.546485e-01 3.530981e-01 4.323516e-01 3.510945e-01 3.527268e-01 3.449170e-01 3.630273e-01 3.707800e-01 
30 421 3.589939e-01 0 0 3.562740e-01 3.567271e-01 3.600314e-01 3.601345e-01 3.645401e-01 3.567011e-01 3.710412e-01 3.549356e-01 3.530641e-01 3.671050e-01 3.621996e-01 3.573125e-01 3.543023e-01 3.523442e-01 3.550974e-01 3.500754e-01 3.541698e-01 3.572480e-01 3.670732e-01 3.598912e-01 3.576734e-01 3.556344e-01 3.706656e-01 3.556456e-01 3.594669e-01 3.575784e-01 4.383097e-01 3.553018e-01 3.594023e-01 3.491460e-01 3.674171e-01 3.751743e-01 
31 435 3.711559e-01 0 0 3.682851e-01 3.681999e-01 3.713746e-01 3.723547e-01 3.759942e-01 3.691106e-01 3.898109e-01 3.664892e-01 3.653992e-01 3.787366e-01 3.739505e-01 3.724604e-01 3.660378e-01 3.636237e-01 3.676695e-01 3.618779e-01 3.656488e-01 3.690593e-01 3.808637e-01 3.719912e-01 3.690172e-01 3.680765e-01 3.844652e-01 3.669325e-01 3.718701e-01 3.690912e-01 4.533481e-01 3.672037e-01 3.738659e-01 3.606359e-01 3.794984e-01 3.872024e-01 
32 449 3.775235e-01 0 0 3.744588e-01 3.735000e-01 3.771049e-01 3.786889e-01 3.837666e-01 3.760834e-01 3.994797e-01 3.723752e-01 3.713861e-01 3.873267e-01 3.798199e-01 3.786518e-01 3.719006e-01 3.688567e-01 3.740208e-01 3.675742e-01 3.712917e-01 3.750546e-01 3.874203e-01 3.788605e-01 3.757819e-01 3.737336e-01 3.931032e-01 3.728518e-01 3.782567e-01 3.753987e-01 4.606834e-01 3.729742e-01 3.819270e-01 3.666499e-01 3.853776e-01 3.931597e-01 
33 463 3.764398e-01 0 0 3.725169e-01 3.730535e-01 3.758780e-01 3.769193e-01 3.825121e-01 3.749728e-01 3.996906e-01 3.710279e-01 3.705276e-01 3.855745e-01 3.787919e-01 3.769812e-01 3.699357e-01 3.673362e-01 3.723881e-01 3.657058e-01 3.696216e-01 3.737744e-01 3.863089e-01 3.777142e-01 3.737161e-01 3.721461e-01 3.937709e-01 3.720244e-01 3.786229e-01 3.736519e-01 4.585641e-01 3.721708e-01 3.823073e-01 3.656563e-01 3.836095e-01 3.915756e-01 
34 477 3.769008e-01 0 0 3.721542e-01 3.729539e-01 3.754838e-01 3.770802e-01 3.825324e-01 3.758273e-01 4.010896e-01 3.708274e-01 3.703375e-01 3.859832e-01 3.790692e-01 3.771952e-01 3.712173e-01 3.669733e-01 3.724855e-01 3.682420e-01 3.692199e-01 3.735345e-01 3.870841e-01 3.787975e-01 3.735850e-01 3.725108e-01 3.946029e-01 3.728533e-01 3.795226e-01 3.738859e-01 4.587361e-01 3.715731e-01 3.868604e-01 3.654869e-01 3.833352e-01 3.914425e-01 
35 491 3.799226e-01 0 0 3.747684e-01 3.755461e-01 3.784322e-01 3.804758e-01 3.856734e-01 3.803547e-01 4.052925e-01 3.733500e-01 3.728867e-01 3.885762e-01 3.863928e-01 3.806004e-01 3.738035e-01 3.698427e-01 3.746575e-01 3.709134e-01 3.717065e-01 3.764062e-01 3.905893e-01 3.823346e-01 3.757119e-01 3.746529e-01 3.974125e-01 3.753567e-01 3.822391e-01 3.765763e-01 4.624072e-01 3.739811e-01 3.914805e-01 3.680573e-01 3.858817e-01 3.937994e-01 
36 505 3.790927e-01 0 0 3.735235e-01 3.736169e-01 3.778934e-01 3.797059e-01 3.844292e-01 3.797710e-01 4.059390e-01 3.730048e-01 3.720918e-01 3.881991e-01 3.867044e-01 3.788423e-01 3.728099e-01 3.689946e-01 3.735339e-01 3.702487e-01 3.703121e-01 3.752837e-01 3.891737e-01 3.820885e-01 3.750254e-01 3.735404e-01 3.967355e-01 3.746910e-01 3.835334e-01 3.750416e-01 4.607797e-01 3.731244e-01 3.921130e-01 3.665713e-01 3.842290e-01 3.921021e-01 
37 519 3.801619e-01 0 0 3.753731e-01 3.738674e-01 3.793847e-01 3.810130e-01 3.852257e-01 3.811925e-01 4.079809e-01 3.737340e-01 3.737512e-01 3.906354e-01 3.889758e-01 3.815093e-01 3.731847e-01 3.705165e-01 3.738722e-01 3.718322e-01 3.728692e-01 3.758893e-01 3.897886e-01 3.824573e-01 3.757919e-01 3.744613e-01 3.974935e-01 3.762201e-01 3.854843e-01 3.751790e-01 4.614921e-01 3.740218e-01 3.952302e-01 3.676238e-01 3.853833e-01 3.928802e-01 
38 533 3.794252e-01 0 0 3.743811e-01 3.721360e-01 3.782070e-01 3.801527e-01 3.839064e-01 3.807843e-01 4.073433e-01 3.725843e-01 3.732122e-01 3.893538e-01 3.890633e-01 3.803481e-01 3.730563e-01 3.689842e-01 3.732742e-01 3.710072e-01 3.727859e-01 3.755087e-01 3.887595e-01 3.822431e-01 3.744143e-01 3.745845e-01 3.963947e-01 3.761775e-01 3.856985e-01 3.745365e-01 4.595548e-01 3.725313e-01 3.964654e-01 3.666347e-01 3.841590e-01 3.910251e-01 
39 547 3.829418e-01 0 0 3.791717e-01 3.749374e-01 3.813181e-01 3.844440e-01 3.876585e-01 3.844149e-01 4.151955e-01 3.763617e-01 3.759359e-01 3.923181e-01 3.932144e-01 3.838563e-01 3.770042e-01 3.720096e-01 3.763496e-01 3.750693e-01 3.760831e-01 3.788536e-01 3.920792e-01 3.858881e-01 3.786054e-01 3.775856e-01 3.996916e-01 3.786979e-01 3.893709e-01 3.774876e-01 4.648831e-01 3.755029e-01 4.026397e-01 3.696996e-01 3.867631e-01 3.959682e-01 
40 561 3.946999e-01 0 0 3.905927e-01 3.860501e-01 3.925781e-01 3.972167e-01 3.997789e-01 3.957022e-01 4.295101e-01 3.877510e-01 3.887017e-01 4.047530e-01 4.077230e-01 3.954006e-01 3.879666e-01 3.833579e-01 3.886114e-01 3.864347e-01 3.878806e-01 3.898021e-01 4.044027e-01 3.971767e-01 3.909558e-01 3.888177e-01 4.115873e-01 3.897549e-01 4.020553e-01 3.887202e-01 4.789746e-01 3.889502e-01 4.179402e-01 3.813994e-01 3.976567e-01 4.076340e-01 
41 575 4.131122e-01 0 0 4.091898e-01 4.041732e-01 4.101922e-01 4.167706e-01 4.183278e-01 4.148046e-01 4.512543e-01 4.062249e-01 4.077298e-01 4.237684e-01 4.299574e-01 4.137241e-01 4.057185e-01 4.013422e-01 4.067182e-01 4.040480e-01 4.048837e-01 4.077606e-01 4.229184e-01 4.146235e-01 4.127268e-01 4.067853e-01 4.301487e-01 4.072107e-01 4.203712e-01 4.063730e-01 5.005945e-01 4.062726e-01 4.426516e-01 4.010376e-01 4.158595e-01 4.281195e-01 
42 589 4.372409e-01 0 0 4.328703e-01 4.267523e-01 4.343682e-01 4.422165e-01 4.437792e-01 4.416187e-01 4.792046e-01 4.314933e-01 4.307394e-01 4.483762e-01 4.556877e-01 4.377456e-01 4.290598e-01 4.253958e-01 4.303194e-01 4.284822e-01 4.276616e-01 4.310992e-01 4.481059e-01 4.377476e-01 4.399064e-01 4.301445e-01 4.542863e-01 4.301960e-01 4.447292e-01 4.298077e-01 5.288607e-01 4.303213e-01 4.741105e-01 4.243090e-01 4.402637e-01 4.535637e-01 
43 603 4.607763e-01 0 0 4.554966e-01 4.515904e-01 4.569509e-01 4.682972e-01 4.685832e-01 4.688453e-01 5.119193e-01 4.559681e-01 4.550050e-01 4.729441e-01 4.803699e-01 4.609256e-01 4.522513e-01 4.524741e-01 4.528522e-01 4.509565e-01 4.512321e-01 4.537542e-01 4.726695e-01 4.622790e-01 4.668244e-01 4.543132e-01 4.781576e-01 4.529244e-01 4.703976e-01 4.521796e-01 5.593979e-01 4.531537e-01 5.041705e-01 4.476877e-01 4.645574e-01 4.766739e-01 
44 617 4.829810e-01 0 0 4.765691e-01 4.751551e-01 4.779933e-01 4.908465e-01 4.906934e-01 4.923584e-01 5.397638e-01 4.784725e-01 4.788151e-01 4.962443e-01 5.031372e-01 4.821724e-01 4.734575e-01 4.759547e-01 4.763496e-01 4.724050e-01 4.731455e-01 4.749502e-01 4.950570e-01 4.840410e-01 4.915409e-01 4.781372e-01 5.002314e-01 4.741429e-01 4.938237e-01 4.741240e-01 5.859854e-01 4.810416e-01 5.315573e-01 4.700191e-01 4.871882e-01 4.988928e-01 
45 631 4.918222e-01 0 0 4.843885e-01 4.829143e-01 4.857756e-01 5.001909e-01 4.987283e-01 5.021092e-01 5.513672e-01 4.871560e-01 4.875884e-01 5.046675e-01 5.129086e-01 4.911434e-01 4.816201e-01 4.864177e-01 4.841349e-01 4.806376e-01 4.835292e-01 4.835291e-01 5.036379e-01 4.930787e-01 5.036624e-01 4.862414e-01 5.085247e-01 4.827750e-01 5.024281e-01 4.832116e-01 5.958211e-01 4.907162e-01 5.421501e-01 4.782576e-01 4.957178e-01 5.069188e-01 
46 645 4.898661e-01 0 0 4.815267e-01 4.831096e-01 4.837609e-01 4.976472e-01 4.954372e-01 5.009096e-01 5.497415e-01 4.853899e-01 4.858192e-01 5.019577e-01 5.113809e-01 4.898015e-01 4.786588e-01 4.848838e-01 4.821314e-01 4.775841e-01 4.824392e-01 4.816893e-01 5.037172e-01 4.902831e-01 5.027239e-01 4.831402e-01 5.068783e-01 4.806211e-01 5.021403e-01 4.815141e-01 5.921975e-01 4.894641e-01 5.397451e-01 4.758374e-01 4.945929e-01 5.057240e-01 
47 659 4.841441e-01 0 0 4.762759e-01 4.793329e-01 4.774095e-01 4.935802e-01 4.889978e-01 4.947378e-01 5.450195e-01 4.794236e-01 4.793099e-01 4.960577e-01 5.051960e-01 4.836396e-01 4.724656e-01 4.786268e-01 4.761749e-01 4.711984e-01 4.760340e-01 4.751823e-01 4.975854e-01 4.837439e-01 5.001218e-01 4.764075e-01 4.998466e-01 4.745726e-01 4.965420e-01 4.751637e-01 5.846189e-01 4.850503e-01 5.325690e-01 4.696775e-01 4.888973e-01 4.986903e-01 
48 673 4.696971e-01 0 0 4.615786e-01 4.645167e-01 4.624047e-01 4.780491e-01 4.734605e-01 4.798472e-01 5.289556e-01 4.646869e-01 4.639036e-01 4.800152e-01 4.919269e-01 4.679868e-01 4.582945e-01 4.635749e-01 4.609587e-01 4.560147e-01 4.617806e-01 4.601468e-01 4.819069e-01 4.691505e-01 4.861240e-01 4.616331e-01 4.847402e-01 4.592114e-01 4.813848e-01 4.602164e-01 5.671474e-01 4.703271e-01 5.165691e-01 4.553031e-01 4.752593e-01 4.835484e-01 
49 687 4.509739e-01 0 0 4.436141e-01 4.472009e-01 4.445766e-01 4.587834e-01 4.541811e-01 4.599302e-01 5.073923e-01 4.451633e-01 4.450119e-01 4.614479e-01 4.737807e-01 4.484700e-01 4.406084e-01 4.444266e-01 4.418375e-01 4.376027e-01 4.428997e-01 4.416864e-01 4.619593e-01 4.499006e-01 4.685414e-01 4.422033e-01 4.642879e-01 4.398981e-01 4.631057e-01 4.417503e-01 5.439265e-01 4.516886e-01 4.950951e-01 4.365939e-01 4.558125e-01 4.637176e-01 
50 701 4.358655e-01 0 0 4.283899e-01 4.343058e-01 4.290309e-01 4.433250e-01 4.381810e-01 4.458827e-01 4.901859e-01 4.297186e-01 4.306024e-01 4.454595e-01 4.578243e-01 4.325748e-01 4.256637e-01 4.303191e-01 4.263509e-01 4.224640e-01 4.273877e-01 4.271632e-01 4.472038e-01 4.352069e-01 4.526135e-01 4.268857e-01 4.482278e-01 4.249559e-01 4.464629e-01 4.257974e-01 5.254253e-01 4.365795e-01 4.778066e-01 4.216390e-01 4.402914e-01 4.479135e-01 
51 715 4.227752e-01 0 0 4.150956e-01 4.218891e-01 4.152955e-01 4.293041e-01 4.243848e-01 4.334983e-01 4.745921e-01 4.156802e-01 4.169296e-01 4.314569e-01 4.435759e-01 4.195967e-01 4.139423e-01 4.180892e-01 4.124383e-01 4.090017e-01 4.145798e-01 4.151304e-01 4.331766e-01 4.213150e-01 4.389720e-01 4.133089e-01 4.342991e-01 4.116869e-01 4.321256e-01 4.126269e-01 5.100727e-01 4.229658e-01 4.626673e-01 4.089836e-01 4.265353e-01 4.338668e-01 
52 729 4.161088e-01 0 0 4.082421e-01 4.150861e-01 4.076941e-01 4.221896e-01 4.173321e-01 4.268215e-01 4.667377e-01 4.087362e-01 4.099616e-01 4.248554e-01 4.359019e-01 4.130512e-01 4.072396e-01 4.122657e-01 4.052156e-01 4.017948e-01 4.081162e-01 4.093276e-01 4.271359e-01 4.158471e-01 4.324318e-01 4.058989e-01 4.272519e-01 4.054490e-01 4.253737e-01 4.056026e-01 5.013158e-01 4.156486e-01 4.542797e-01 4.025139e-01 4.193936e-01 4.272208e-01 
53 743 4.044954e-01 0 0 3.962210e-01 4.034597e-01 3.963936e-01 4.101191e-01 4.052133e-01 4.150889e-01 4.539539e-01 3.974385e-01 3.979879e-01 4.124220e-01 4.232238e-01 4.011357e-01 3.953089e-01 4.000660e-01 3.931071e-01 3.912423e-01 3.962610e-01 3.974290e-01 4.159018e-01 4.038168e-01 4.202606e-01 3.942935e-01 4.145056e-01 3.936248e-01 4.127132e-01 3.950322e-01 4.864450e-01 4.035840e-01 4.411204e-01 3.906558e-01 4.069514e-01 4.154653e-01 
54 757 4.038263e-01 0 0 3.958675e-01 4.019057e-01 3.956320e-01 4.089909e-01 4.036488e-01 4.145031e-01 4.540939e-01 3.963643e-01 3.969872e-01 4.113800e-01 4.225896e-01 4.000790e-01 3.942171e-01 3.996159e-01 3.920526e-01 3.905745e-01 3.964693e-01 3.960325e-01 4.148941e-01 4.028765e-01 4.206441e-01 3.935713e-01 4.145731e-01 3.922773e-01 4.127859e-01 3.958364e-01 4.846682e-01 4.029778e-01 4.404441e-01 3.910702e-01 4.056689e-01 4.151114e-01 
55 771 4.019374e-01 0 0 3.935474e-01 3.995019e-01 3.932699e-01 4.068316e-01 4.013420e-01 4.125613e-01 4.514573e-01 3.940303e-01 3.948080e-01 4.093243e-01 4.203169e-01 3.974873e-01 3.931585e-01 3.982079e-01 3.903131e-01 3.880657e-01 3.967123e-01 3.964761e-01 4.122130e-01 4.003433e-01 4.194112e-01 3.910417e-01 4.143981e-01 3.903090e-01 4.103476e-01 3.942281e-01 4.812190e-01 4.005308e-01 4.382236e-01 3.886942e-01 4.028560e-01 4.132055e-01 
56 785 4.006083e-01 0 0 3.922547e-01 3.972598e-01 3.916209e-01 4.052923e-01 3.993678e-01 4.111801e-01 4.491633e-01 3.924196e-01 3.938040e-01 4.072137e-01 4.184192e-01 3.953990e-01 3.941567e-01 3.972068e-01 3.882725e-01 3.863767e-01 3.955131e-01 3.944655e-01 4.110895e-01 3.986567e-01 4.200924e-01 3.895875e-01 4.129633e-01 3.914546e-01 4.095021e-01 3.931691e-01 4.784556e-01 3.985696e-01 4.359750e-01 3.869411e-01 4.007484e-01 4.118621e-01 
57 799 3.969518e-01 0 0 3.876482e-01 3.929302e-01 3.871650e-01 4.013280e-01 3.947051e-01 4.068024e-01 4.444204e-01 3.879720e-01 3.920863e-01 4.033912e-01 4.138973e-01 3.913130e-01 3.904782e-01 3.937270e-01 3.837659e-01 3.824137e-01 3.919754e-01 3.907130e-01 4.061630e-01 3.942584e-01 4.166569e-01 3.860728e-01 4.092610e-01 3.887001e-01 4.062572e-01 3.889937e-01 4.736424e-01 3.944014e-01 4.318070e-01 3.829880e-01 3.975025e-01 4.087908e-01 
58 813 3.933316e-01 0 0 3.846685e-01 3.887071e-01 3.830852e-01 3.975021e-01 3.907010e-01 4.028717e-01 4.420815e-01 3.849702e-01 3.883783e-01 3.989591e-01 4.091708e-01 3.871026e-01 3.868704e-01 3.900733e-01 3.805991e-01 3.787550e-01 3.896163e-01 3.867908e-01 4.019019e-01 3.897444e-01 4.135470e-01 3.817801e-01 4.048607e-01 3.867724e-01 4.018662e-01 3.853683e-01 4.681866e-01 3.898755e-01 4.281800e-01 3.811088e-01 3.931492e-01 4.061810e-01 
59 827 3.899534e-01 0 0 3.807148e-01 3.846699e-01 3.791517e-01 3.930934e-01 3.874847e-01 3.986105e-01 4.393592e-01 3.809366e-01 3.851473e-01 3.945994e-01 4.063109e-01 3.836631e-01 3.838690e-01 3.867121e-01 3.774132e-01 3.750357e-01 3.861690e-01 3.828755e-01 3.974222e-01 3.858729e-01 4.128576e-01 3.777108e-01 4.007526e-01 3.850568e-01 3.976748e-01 3.815847e-01 4.642571e-01 3.858285e-01 4.277052e-01 3.782166e-01 3.893404e-01 4.025825e-01 
60 841 3.840085e-01 0 0 3.756118e-01 3.780377e-01 3.728142e-01 3.860280e-01 3.813883e-01 3.916039e-01 4.334122e-01 3.762371e-01 3.784879e-01 3.878509e-01 4.014522e-01 3.771405e-01 3.771062e-01 3.802655e-01 3.722872e-01 3.700269e-01 3.802028e-01 3.764008e-01 3.905879e-01 3.793834e-01 4.073532e-01 3.719261e-01 3.951062e-01 3.793603e-01 3.911128e-01 3.750765e-01 4.564826e-01 3.799070e-01 4.220086e-01 3.721356e-01 3.838082e-01 3.966175e-01 
61 855 3.743186e-01 0 0 3.667918e-01 3.679839e-01 3.632895e-01 3.758763e-01 3.717880e-01 3.816836e-01 4.228418e-01 3.664495e-01 3.684190e-01 3.775572e-01 3.908133e-01 3.667740e-01 3.681983e-01 3.703042e-01 3.626226e-01 3.601551e-01 3.698189e-01 3.661048e-01 3.801936e-01 3.691511e-01 3.992683e-01 3.623352e-01 3.843888e-01 3.694356e-01 3.805205e-01 3.651289e-01 4.445063e-01 3.704667e-01 4.113503e-01 3.628590e-01 3.734295e-01 3.863199e-01 
62 869 3.630613e-01 0 0 3.566807e-01 3.563196e-01 3.518523e-01 3.640917e-01 3.612961e-01 3.692558e-01 4.097115e-01 3.546577e-01 3.571315e-01 3.654135e-01 3.785864e-01 3.551600e-01 3.562927e-01 3.592191e-01 3.515512e-01 3.487291e-01 3.586397e-01 3.542479e-01 3.679437e-01 3.575008e-01 3.883380e-01 3.508145e-01 3.721934e-01 3.578399e-01 3.691029e-01 3.535564e-01 4.304849e-01 3.588401e-01 3.986456e-01 3.517894e-01 3.621805e-01 3.740131e-01 
63 883 3.587395e-01 0 0 3.532319e-01 3.516627e-01 3.480630e-01 3.597409e-01 3.566475e-01 3.642252e-01 4.042816e-01 3.499657e-01 3.521924e-01 3.609070e-01 3.758404e-01 3.511611e-01 3.513185e-01 3.549945e-01 3.469643e-01 3.443194e-01 3.548681e-01 3.492161e-01 3.633394e-01 3.527776e-01 3.852047e-01 3.459394e-01 3.676111e-01 3.528742e-01 3.649948e-01 3.492164e-01 4.243709e-01 3.539798e-01 3.945950e-01 3.472294e-01 3.578337e-01 3.696718e-01 
64 897 3.556923e-01 0 0 3.513671e-01 3.488778e-01 3.445324e-01 3.572122e-01 3.550281e-01 3.603049e-01 4.016481e-01 3.465540e-01 3.489897e-01 3.572394e-01 3.722346e-01 3.483833e-01 3.500151e-01 3.516454e-01 3.449846e-01 3.415732e-01 3.515544e-01 3.453952e-01 3.595782e-01 3.495648e-01 3.827891e-01 3.424824e-01 3.641711e-01 3.491036e-01 3.621087e-01 3.458824e-01 4.202667e-01 3.505088e-01 3.910536e-01 3.436133e-01 3.538705e-01 3.664354e-01 
65 911 3.546018e-01 0 0 3.508180e-01 3.482508e-01 3.427266e-01 3.563998e-01 3.535211e-01 3.585500e-01 4.039595e-01 3.461194e-01 3.475890e-01 3.563188e-01 3.712636e-01 3.467981e-01 3.497251e-01 3.510342e-01 3.436607e-01 3.397399e-01 3.510876e-01 3.442355e-01 3.577254e-01 3.497711e-01 3.842262e-01 3.411750e-01 3.625302e-01 3.476807e-01 3.610426e-01 3.441905e-01 4.186516e-01 3.495419e-01 3.894751e-01 3.423240e-01 3.521833e-01 3.647474e-01 
66 925 3.544986e-01 0 0 3.520526e-01 3.478999e-01 3.422294e-01 3.570138e-01 3.532124e-01 3.582413e-01 4.059410e-01 3.459837e-01 3.472745e-01 3.576986e-01 3.707113e-01 3.464216e-01 3.497684e-01 3.518623e-01 3.427905e-01 3.394263e-01 3.517176e-01 3.440111e-01 3.569226e-01 3.489391e-01 3.860151e-01 3.408617e-01 3.627029e-01 3.470767e-01 3.611434e-01 3.434938e-01 4.181822e-01 3.496889e-01 3.898450e-01 3.420493e-01 3.516896e-01 3.643916e-01 
67 939 3.604728e-01 0 0 3.603043e-01 3.543025e-01 3.483103e-01 3.630091e-01 3.594242e-01 3.639958e-01 4.131423e-01 3.514593e-01 3.524827e-01 3.644067e-01 3.773428e-01 3.521119e-01 3.560086e-01 3.587401e-01 3.477609e-01 3.447717e-01 3.577796e-01 3.491991e-01 3.636773e-01 3.546134e-01 3.942014e-01 3.488598e-01 3.678201e-01 3.525606e-01 3.663931e-01 3.491037e-01 4.251657e-01 3.555026e-01 3.963524e-01 3.472941e-01 3.571348e-01 3.698624e-01 
68 953 3.664037e-01 0 0 3.672576e-01 3.615902e-01 3.541881e-01 3.698081e-01 3.649079e-01 3.693623e-01 4.197757e-01 3.583401e-01 3.575126e-01 3.709590e-01 3.857438e-01 3.569853e-01 3.622537e-01 3.655723e-01 3.533487e-01 3.513067e-01 3.637801e-01 3.548896e-01 3.693563e-01 3.599020e-01 4.015248e-01 3.548871e-01 3.729424e-01 3.585784e-01 3.714643e-01 3.546950e-01 4.322403e-01 3.613835e-01 4.036259e-01 3.530096e-01 3.633213e-01 3.752699e-01 
69 967 3.663914e-01 0 0 3.676954e-01 3.613734e-01 3.544100e-01 3.690483e-01 3.639719e-01 3.691361e-01 4.190641e-01 3.575959e-01 3.578076e-01 3.708447e-01 3.857554e-01 3.561945e-01 3.639641e-01 3.652886e-01 3.529224e-01 3.518089e-01 3.637410e-01 3.546607e-01 3.695405e-01 3.597290e-01 4.018376e-01 3.560126e-01 3.720087e-01 3.577849e-01 3.717294e-01 3.542375e-01 4.313856e-01 3.615303e-01 4.038100e-01 3.520998e-01 3.624628e-01 3.754103e-01 
70 981 3.588836e-01 0 0 3.600663e-01 3.535002e-01 3.474303e-01 3.608373e-01 3.558416e-01 3.616830e-01 4.097442e-01 3.495803e-01 3.503719e-01 3.624509e-01 3.777224e-01 3.492836e-01 3.561340e-01 3.586033e-01 3.452978e-01 3.440905e-01 3.555596e-01 3.471006e-01 3.617323e-01 3.528565e-01 3.930452e-01 3.492262e-01 3.635681e-01 3.496397e-01 3.637798e-01 3.464165e-01 4.216990e-01 3.538767e-01 3.963356e-01 3.443883e-01 3.548983e-01 3.670943e-01 
71 995 3.533472e-01 0 0 3.540505e-01 3.480358e-01 3.417093e-01 3.548269e-01 3.498889e-01 3.560641e-01 4.032431e-01 3.440391e-01 3.459524e-01 3.569848e-01 3.716082e-01 3.433529e-01 3.505735e-01 3.521783e-01 3.403706e-01 3.382498e-01 3.498620e-01 3.411112e-01 3.560388e-01 3.471194e-01 3.871174e-01 3.440952e-01 3.572021e-01 3.438354e-01 3.584776e-01 3.408272e-01 4.145427e-01 3.486840e-01 3.904973e-01 3.393528e-01 3.504813e-01 3.609140e-01 
72 1009 3.477739e-01 0 0 3.488240e-01 3.420471e-01 3.355260e-01 3.496630e-01 3.436385e-01 3.513329e-01 3.960013e-01 3.394254e-01 3.416085e-01 3.522416e-01 3.655974e-01 3.379684e-01 3.444219e-01 3.460470e-01 3.344965e-01 3.324601e-01 3.440674e-01 3.351812e-01 3.501609e-01 3.414003e-01 3.803636e-01 3.388164e-01 3.508302e-01 3.380280e-01 3.531917e-01 3.355434e-01 4.070007e-01 3.426690e-01 3.841627e-01 3.351411e-01 3.454222e-01 3.543524e-01 
73 1023 3.475546e-01 0 0 3.494823e-01 3.432380e-01 3.348242e-01 3.492503e-01 3.427797e-01 3.529241e-01 3.962393e-01 3.389759e-01 3.412515e-01 3.531664e-01 3.647974e-01 3.375851e-01 3.442788e-01 3.451159e-01 3.336940e-01 3.314808e-01 3.440414e-01 3.345710e-01 3.497562e-01 3.409223e-01 3.804818e-01 3.386372e-01 3.504476e-01 3.371261e-01 3.520519e-01 3.348647e-01 4.059959e-01 3.432858e-01 3.846548e-01 3.370391e-01 3.448687e-01 3.532436e-01 
74 1037 3.446925e-01 0 0 3.464925e-01 3.425109e-01 3.316426e-01 3.457679e-01 3.392727e-01 3.503220e-01 3.924003e-01 3.364005e-01 3.379620e-01 3.500233e-01 3.610606e-01 3.340017e-01 3.413715e-01 3.420105e-01 3.312766e-01 3.279210e-01 3.407398e-01 3.310218e-01 3.466873e-01 3.376996e-01 3.771024e-01 3.354635e-01 3.472594e-01 3.344714e-01 3.496135e-01 3.315663e-01 4.019804e-01 3.408990e-01 3.834765e-01 3.358707e-01 3.414599e-01 3.497370e-01 
75 1051 3.386539e-01 0 0 3.411633e-01 3.367003e-01 3.260837e-01 3.390080e-01 3.330311e-01 3.442422e-01 3.854225e-01 3.302232e-01 3.317831e-01 3.448842e-01 3.544517e-01 3.290205e-01 3.355672e-01 3.356745e-01 3.252106e-01 3.224640e-01 3.344641e-01 3.244049e-01 3.399280e-01 3.310865e-01 3.695868e-01 3.289925e-01 3.410050e-01 3.294132e-01 3.441686e-01 3.253539e-01 3.939231e-01 3.349384e-01 3.767767e-01 3.307223e-01 3.349913e-01 3.443205e-01 
76 1065 3.398306e-01 0 0 3.438685e-01 3.388488e-01 3.270224e-01 3.398204e-01 3.335545e-01 3.447698e-01 3.862490e-01 3.307524e-01 3.335443e-01 3.457293e-01 3.551747e-01 3.301480e-01 3.362451e-01 3.361251e-01 3.270081e-01 3.246068e-01 3.349668e-01 3.253062e-01 3.405832e-01 3.329451e-01 3.708371e-01 3.300035e-01 3.416485e-01 3.303037e-01 3.451868e-01 3.258315e-01 3.944441e-01 3.357306e-01 3.779701e-01 3.331920e-01 3.354977e-01 3.451578e-01 
77 1079 3.450858e-01 0 0 3.495518e-01 3.446919e-01 3.331113e-01 3.451175e-01 3.380702e-01 3.504364e-01 3.913749e-01 3.360418e-01 3.392397e-01 3.515977e-01 3.606076e-01 3.350624e-01 3.411185e-01 3.411066e-01 3.319460e-01 3.296036e-01 3.397913e-01 3.312509e-01 3.453192e-01 3.398050e-01 3.777627e-01 3.351506e-01 3.470866e-01 3.347412e-01 3.499431e-01 3.311476e-01 3.999765e-01 3.405498e-01 3.836679e-01 3.418180e-01 3.402177e-01 3.498354e-01 
78 1093 3.346116e-01 0 0 3.394027e-01 3.340858e-01 3.230717e-01 3.343523e-01 3.281703e-01 3.394694e-01 3.784975e-01 3.257457e-01 3.294401e-01 3.418933e-01 3.490405e-01 3.244958e-01 3.311985e-01 3.300591e-01 3.211006e-01 3.191134e-01 3.287977e-01 3.212193e-01 3.341871e-01 3.296062e-01 3.657276e-01 3.245556e-01 3.360458e-01 3.241362e-01 3.389662e-01 3.212991e-01 3.871147e-01 3.297630e-01 3.716248e-01 3.323205e-01 3.295188e-01 3.384222e-01 
79 1107 3.280318e-01 0 0 3.322777e-01 3.272934e-01 3.164533e-01 3.272538e-01 3.213448e-01 3.323689e-01 3.716268e-01 3.188237e-01 3.238146e-01 3.372521e-01 3.417939e-01 3.174407e-01 3.259501e-01 3.230774e-01 3.141325e-01 3.127290e-01 3.217526e-01 3.141214e-01 3.278418e-01 3.237711e-01 3.585649e-01 3.174262e-01 3.288692e-01 3.171741e-01 3.320466e-01 3.148500e-01 3.787466e-01 3.237973e-01 3.642570e-01 3.261540e-01 3.241819e-01 3.313271e-01 
80 1121 3.200898e-01 0 0 3.243599e-01 3.201558e-01 3.090019e-01 3.187556e-01 3.130575e-01 3.237007e-01 3.628775e-01 3.103367e-01 3.153315e-01 3.300595e-01 3.325963e-01 3.090225e-01 3.190581e-01 3.148113e-01 3.069559e-01 3.053960e-01 3.135754e-01 3.058836e-01 3.202386e-01 3.160116e-01 3.493233e-01 3.101766e-01 3.201015e-01 3.091078e-01 3.233213e-01 3.065515e-01 3.687676e-01 3.152844e-01 3.556988e-01 3.187491e-01 3.163888e-01 3.231147e-01 
81 1135 3.129861e-01 0 0 3.168305e-01 3.141138e-01 3.025958e-01 3.113590e-01 3.055685e-01 3.159633e-01 3.538718e-01 3.034397e-01 3.085834e-01 3.235299e-01 3.247165e-01 3.024391e-01 3.120955e-01 3.075388e-01 2.996618e-01 2.983470e-01 3.063296e-01 2.985690e-01 3.124074e-01 3.092882e-01 3.413899e-01 3.035309e-01 3.133592e-01 3.020075e-01 3.158674e-01 3.008954e-01 3.598068e-01 3.090108e-01 3.473157e-01 3.119266e-01 3.085309e-01 3.159076e-01 
82 1149 3.071411e-01 0 0 3.113544e-01 3.083720e-01 2.970479e-01 3.050144e-01 2.999921e-01 3.097005e-01 3.468171e-01 2.985905e-01 3.021086e-01 3.181793e-01 3.184497e-01 2.966756e-01 3.058774e-01 3.019416e-01 2.938650e-01 2.921957e-01 3.003274e-01 2.924824e-01 3.069561e-01 3.029409e-01 3.344701e-01 2.974921e-01 3.068770e-01 2.969730e-01 3.097359e-01 2.956735e-01 3.522976e-01 3.043053e-01 3.406777e-01 3.061218e-01 3.025851e-01 3.095292e-01 
83 1163 2.962036e-01 0 0 3.004885e-01 2.971521e-01 2.863519e-01 2.936530e-01 2.888170e-01 2.987551e-01 3.339832e-01 2.879142e-01 2.909033e-01 3.069819e-01 3.064003e-01 2.856510e-01 2.948518e-01 2.915227e-01 2.828609e-01 2.819059e-01 2.896995e-01 2.824877e-01 2.958554e-01 2.917296e-01 3.223056e-01 2.864144e-01 2.953057e-01 2.871517e-01 2.981244e-01 2.849878e-01 3.389670e-01 2.939831e-01 3.287637e-01 2.953757e-01 2.911034e-01 2.979157e-01 
84 1177 2.868111e-01 0 0 2.909025e-01 2.876410e-01 2.771808e-01 2.841909e-01 2.801230e-01 2.890158e-01 3.228102e-01 2.780865e-01 2.811798e-01 2.970561e-01 2.966557e-01 2.759410e-01 2.854669e-01 2.824431e-01 2.742687e-01 2.723938e-01 2.801733e-01 2.737935e-01 2.862120e-01 2.818763e-01 3.117615e-01 2.772628e-01 2.855427e-01 2.780190e-01 2.884452e-01 2.752816e-01 3.275068e-01 2.845172e-01 3.177840e-01 2.854128e-01 2.813887e-01 2.887307e-01 
85 1191 2.809182e-01 0 0 2.848281e-01 2.821387e-01 2.710806e-01 2.781593e-01 2.740166e-01 2.824234e-01 3.155415e-01 2.717046e-01 2.751121e-01 2.908881e-01 2.910898e-01 2.711093e-01 2.807443e-01 2.768814e-01 2.682808e-01 2.672057e-01 2.739858e-01 2.686016e-01 2.798287e-01 2.763975e-01 3.047139e-01 2.711945e-01 2.796564e-01 2.717810e-01 2.823317e-01 2.692434e-01 3.209613e-01 2.787525e-01 3.115415e-01 2.790915e-01 2.755859e-01 2.839496e-01 
86 1205 2.722048e-01 0 0 2.755538e-01 2.729305e-01 2.630727e-01 2.690661e-01 2.649795e-01 2.733770e-01 3.049858e-01 2.625992e-01 2.661373e-01 2.824505e-01 2.818879e-01 2.639017e-01 2.720339e-01 2.680848e-01 2.597411e-01 2.592263e-01 2.653569e-01 2.599161e-01 2.711966e-01 2.674722e-01 2.949920e-01 2.620918e-01 2.704125e-01 2.630081e-01 2.732357e-01 2.602389e-01 3.103144e-01 2.696748e-01 3.010688e-01 2.706669e-01 2.668429e-01 2.754791e-01 
87 1219 2.672542e-01 0 0 2.703810e-01 2.675795e-01 2.584600e-01 2.638141e-01 2.599684e-01 2.682370e-01 2.989819e-01 2.575304e-01 2.612350e-01 2.780424e-01 2.765870e-01 2.590627e-01 2.664791e-01 2.626385e-01 2.547757e-01 2.548630e-01 2.618987e-01 2.547141e-01 2.659455e-01 2.621337e-01 2.889629e-01 2.569470e-01 2.655049e-01 2.603313e-01 2.684691e-01 2.550905e-01 3.041162e-01 2.644772e-01 2.949473e-01 2.658300e-01 2.612745e-01 2.702648e-01 
88 1233 2.637013e-01 0 0 2.661207e-01 2.637574e-01 2.549947e-01 2.596372e-01 2.559178e-01 2.654529e-01 2.948713e-01 2.536888e-01 2.573780e-01 2.750339e-01 2.723607e-01 2.557008e-01 2.622474e-01 2.587151e-01 2.509501e-01 2.511698e-01 2.588969e-01 2.521470e-01 2.617902e-01 2.583548e-01 2.846413e-01 2.528777e-01 2.618363e-01 2.573663e-01 2.643158e-01 2.516375e-01 3.001473e-01 2.609629e-01 2.908219e-01 2.621381e-01 2.576319e-01 2.663737e-01 
89 1247 2.606648e-01 0 0 2.625729e-01 2.608425e-01 2.523651e-01 2.560021e-01 2.528593e-01 2.623940e-01 2.911881e-01 2.510856e-01 2.562245e-01 2.726302e-01 2.690001e-01 2.544522e-01 2.587422e-01 2.555118e-01 2.476637e-01 2.479011e-01 2.561078e-01 2.493809e-01 2.583533e-01 2.548035e-01 2.808545e-01 2.503641e-01 2.583798e-01 2.541740e-01 2.616327e-01 2.488476e-01 2.965450e-01 2.585028e-01 2.871382e-01 2.586460e-01 2.546220e-01 2.628336e-01 
90 1261 2.597048e-01 0 0 2.609218e-01 2.597205e-01 2.517013e-01 2.548765e-01 2.522815e-01 2.618244e-01 2.901886e-01 2.498912e-01 2.566742e-01 2.732171e-01 2.685124e-01 2.540686e-01 2.574086e-01 2.542218e-01 2.464103e-01 2.466030e-01 2.554668e-01 2.484304e-01 2.571430e-01 2.535164e-01 2.796480e-01 2.496971e-01 2.569009e-01 2.528460e-01 2.602760e-01 2.473609e-01 2.956101e-01 2.574608e-01 2.860935e-01 2.572472e-01 2.531930e-01 2.613908e-01 
91 1275 2.561595e-01 0 0 2.573353e-01 2.558143e-01 2.490599e-01 2.510647e-01 2.483647e-01 2.586365e-01 2.859782e-01 2.458689e-01 2.531068e-01 2.701658e-01 2.645564e-01 2.511101e-01 2.538568e-01 2.502268e-01 2.431763e-01 2.432540e-01 2.522532e-01 2.448619e-01 2.532222e-01 2.501189e-01 2.756593e-01 2.457158e-01 2.530492e-01 2.504362e-01 2.565302e-01 2.435569e-01 2.911334e-01 2.543981e-01 2.818222e-01 2.536058e-01 2.491404e-01 2.573259e-01 
92 1289 2.522416e-01 0 0 2.532978e-01 2.518613e-01 2.449577e-01 2.470462e-01 2.445258e-01 2.545104e-01 2.813089e-01 2.416156e-01 2.490070e-01 2.667508e-01 2.600058e-01 2.474117e-01 2.494506e-01 2.462740e-01 2.392228e-01 2.396654e-01 2.483869e-01 2.414481e-01 2.487188e-01 2.459153e-01 2.712505e-01 2.414512e-01 2.488204e-01 2.464048e-01 2.522823e-01 2.398532e-01 2.860671e-01 2.506853e-01 2.769373e-01 2.492979e-01 2.450859e-01 2.527842e-01 
93 1303 2.468707e-01 0 0 2.476055e-01 2.468273e-01 2.396727e-01 2.418291e-01 2.394256e-01 2.492202e-01 2.749358e-01 2.360756e-01 2.442537e-01 2.613791e-01 2.538104e-01 2.423995e-01 2.441138e-01 2.422104e-01 2.337400e-01 2.353542e-01 2.428068e-01 2.359461e-01 2.434504e-01 2.404232e-01 2.676258e-01 2.357570e-01 2.429493e-01 2.411556e-01 2.465192e-01 2.345646e-01 2.796034e-01 2.463529e-01 2.706044e-01 2.439915e-01 2.395763e-01 2.470812e-01 
94 1317 2.407811e-01 0 0 2.412369e-01 2.409802e-01 2.333878e-01 2.359235e-01 2.329490e-01 2.431567e-01 2.683323e-01 2.304040e-01 2.377334e-01 2.548391e-01 2.477780e-01 2.371502e-01 2.379553e-01 2.359656e-01 2.274751e-01 2.290907e-01 2.362729e-01 2.298920e-01 2.369143e-01 2.347857e-01 2.614088e-01 2.298755e-01 2.364493e-01 2.347160e-01 2.398747e-01 2.290119e-01 2.720986e-01 2.399719e-01 2.640198e-01 2.384865e-01 2.338606e-01 2.406126e-01 
95 1331 2.382459e-01 0 0 2.385157e-01 2.379733e-01 2.305471e-01 2.332081e-01 2.305461e-01 2.405975e-01 2.650414e-01 2.280023e-01 2.348934e-01 2.549212e-01 2.446327e-01 2.352122e-01 2.368933e-01 2.330257e-01 2.254686e-01 2.263231e-01 2.333030e-01 2.278691e-01 2.340471e-01 2.320920e-01 2.593393e-01 2.269340e-01 2.334793e-01 2.322824e-01 2.371308e-01 2.261856e-01 2.692012e-01 2.369557e-01 2.608354e-01 2.358393e-01 2.309314e-01 2.377651e-01 
96 1345 2.369251e-01 0 0 2.369361e-01 2.365436e-01 2.292431e-01 2.315939e-01 2.288900e-01 2.390731e-01 2.631151e-01 2.270437e-01 2.333660e-01 2.545044e-01 2.428348e-01 2.344633e-01 2.355415e-01 2.313261e-01 2.237541e-01 2.250148e-01 2.320389e-01 2.262597e-01 2.324736e-01 2.307572e-01 2.585863e-01 2.254435e-01 2.316926e-01 2.309928e-01 2.355507e-01 2.246701e-01 2.672621e-01 2.353032e-01 2.601320e-01 2.345476e-01 2.295775e-01 2.365233e-01 
97 1359 2.312365e-01 0 0 2.314860e-01 2.307366e-01 2.231408e-01 2.259029e-01 2.240043e-01 2.331698e-01 2.562147e-01 2.226338e-01 2.273544e-01 2.489195e-01 2.365845e-01 2.289444e-01 2.297403e-01 2.252150e-01 2.192461e-01 2.193504e-01 2.258727e-01 2.214002e-01 2.263085e-01 2.250602e-01 2.524641e-01 2.197095e-01 2.257181e-01 2.253308e-01 2.296957e-01 2.188084e-01 2.602806e-01 2.292207e-01 2.537599e-01 2.289833e-01 2.236662e-01 2.303699e-01 
98 1373 2.289028e-01 0 0 2.296953e-01 2.286627e-01 2.214325e-01 2.231371e-01 2.220304e-01 2.303307e-01 2.539220e-01 2.206616e-01 2.258334e-01 2.461828e-01 2.337357e-01 2.271927e-01 2.275180e-01 2.225243e-01 2.168972e-01 2.175386e-01 2.247110e-01 2.189096e-01 2.238016e-01 2.235335e-01 2.501924e-01 2.170803e-01 2.235373e-01 2.231985e-01 2.267759e-01 2.161067e-01 2.572502e-01 2.271140e-01 2.507725e-01 2.269289e-01 2.210204e-01 2.286173e-01 
99 1387 2.244232e-01 0 0 2.249963e-01 2.243171e-01 2.168503e-01 2.191403e-01 2.171746e-01 2.256795e-01 2.485296e-01 2.167423e-01 2.209386e-01 2.409693e-01 2.301358e-01 2.236392e-01 2.237917e-01 2.180044e-01 2.123528e-01 2.129775e-01 2.206721e-01 2.144469e-01 2.190438e-01 2.192212e-01 2.452153e-01 2.122748e-01 2.189306e-01 2.187153e-01 2.221489e-01 2.117584e-01 2.519863e-01 2.222470e-01 2.460012e-01 2.225267e-01 2.166578e-01 2.238456e-01 
100 1401 2.227298e-01 0 0 2.234485e-01 2.234777e-01 2.148164e-01 2.174715e-01 2.152892e-01 2.236354e-01 2.472607e-01 2.154992e-01 2.198376e-01 2.389167e-01 2.282966e-01 2.219055e-01 2.218633e-01 2.161085e-01 2.110275e-01 2.108947e-01 2.195995e-01 2.125645e-01 2.169424e-01 2.177461e-01 2.440834e-01 2.104913e-01 2.167452e-01 2.166309e-01 2.210619e-01 2.097069e-01 2.498816e-01 2.202372e-01 2.440198e-01 2.209532e-01 2.145494e-01 2.217529e-01 
101 1415 2.162818e-01 0 0 2.168519e-01 2.184633e-01 2.082512e-01 2.108858e-01 2.088496e-01 2.170383e-01 2.398070e-01 2.089838e-01 2.133520e-01 2.317752e-01 2.213740e-01 2.157539e-01 2.153944e-01 2.094213e-01 2.045454e-01 2.046083e-01 2.136456e-01 2.062626e-01 2.102669e-01 2.110418e-01 2.367293e-01 2.041977e-01 2.100231e-01 2.100722e-01 2.146835e-01 2.036608e-01 2.424036e-01 2.139293e-01 2.377038e-01 2.147974e-01 2.078833e-01 2.148849e-01 
102 1429 2.061191e-01 0 0 2.064250e-01 2.086491e-01 1.982794e-01 2.004847e-01 1.986549e-01 2.067614e-01 2.291364e-01 1.992175e-01 2.029678e-01 2.214322e-01 2.107338e-01 2.054149e-01 2.050224e-01 1.991250e-01 1.948194e-01 1.946140e-01 2.032579e-01 1.961088e-01 1.999450e-01 2.012758e-01 2.250868e-01 1.948438e-01 1.997942e-01 2.000331e-01 2.043240e-01 1.947045e-01 2.304244e-01 2.035041e-01 2.262935e-01 2.043495e-01 1.978318e-01 2.054277e-01 
103 1443 1.980262e-01 0 0 1.978294e-01 2.005122e-01 1.906368e-01 1.922900e-01 1.905690e-01 1.988318e-01 2.197970e-01 1.912591e-01 1.947493e-01 2.123153e-01 2.024400e-01 1.970832e-01 1.967886e-01 1.912564e-01 1.871847e-01 1.869556e-01 1.948738e-01 1.881941e-01 1.921664e-01 1.930458e-01 2.164669e-01 1.872576e-01 1.917829e-01 1.920254e-01 1.966375e-01 1.867844e-01 2.209936e-01 1.957721e-01 2.171813e-01 1.963616e-01 1.902394e-01 1.973403e-01 
104 1457 1.913382e-01 0 0 1.911417e-01 1.942546e-01 1.839615e-01 1.855148e-01 1.840613e-01 1.925574e-01 2.119598e-01 1.847797e-01 1.879335e-01 2.049674e-01 1.952786e-01 1.904667e-01 1.900168e-01 1.852510e-01 1.811579e-01 1.812078e-01 1.879897e-01 1.820586e-01 1.852159e-01 1.861824e-01 2.086429e-01 1.809794e-01 1.851785e-01 1.851136e-01 1.902660e-01 1.802701e-01 2.135525e-01 1.892232e-01 2.094679e-01 1.892135e-01 1.837522e-01 1.904402e-01 
105 1471 1.830442e-01 0 0 1.825122e-01 1.856349e-01 1.760313e-01 1.771044e-01 1.758029e-01 1.841730e-01 2.023788e-01 1.767081e-01 1.805630e-01 1.955720e-01 1.867684e-01 1.822331e-01 1.814353e-01 1.768062e-01 1.734748e-01 1.731078e-01 1.804394e-01 1.744355e-01 1.768989e-01 1.777911e-01 1.993410e-01 1.731269e-01 1.768828e-01 1.772213e-01 1.820039e-01 1.722786e-01 2.039875e-01 1.810296e-01 1.999798e-01 1.813124e-01 1.757338e-01 1.817999e-01 
106 1485 1.758354e-01 0 0 1.754677e-01 1.782829e-01 1.687002e-01 1.697413e-01 1.686563e-01 1.766162e-01 1.945735e-01 1.696165e-01 1.731795e-01 1.876376e-01 1.791177e-01 1.753099e-01 1.742515e-01 1.695422e-01 1.666559e-01 1.663455e-01 1.733144e-01 1.675067e-01 1.696994e-01 1.703819e-01 1.917960e-01 1.658369e-01 1.695192e-01 1.704844e-01 1.746093e-01 1.652985e-01 1.957714e-01 1.735378e-01 1.919947e-01 1.743088e-01 1.689444e-01 1.742284e-01 
107 1499 1.712127e-01 0 0 1.707323e-01 1.733271e-01 1.639784e-01 1.656805e-01 1.644998e-01 1.717146e-01 1.890715e-01 1.650684e-01 1.682521e-01 1.827534e-01 1.742126e-01 1.707655e-01 1.695463e-01 1.654378e-01 1.621377e-01 1.620654e-01 1.685781e-01 1.628827e-01 1.648917e-01 1.656695e-01 1.872536e-01 1.611793e-01 1.647502e-01 1.657832e-01 1.698944e-01 1.606098e-01 1.902029e-01 1.688359e-01 1.867377e-01 1.694764e-01 1.645665e-01 1.693953e-01 
108 1513 1.673586e-01 0 0 1.667528e-01 1.709829e-01 1.600433e-01 1.619504e-01 1.607719e-01 1.674732e-01 1.843923e-01 1.612898e-01 1.643409e-01 1.782660e-01 1.700385e-01 1.669405e-01 1.652764e-01 1.621389e-01 1.582194e-01 1.582086e-01 1.643838e-01 1.591719e-01 1.608139e-01 1.621096e-01 1.828054e-01 1.576503e-01 1.607588e-01 1.623367e-01 1.668073e-01 1.569544e-01 1.856656e-01 1.648176e-01 1.832724e-01 1.653554e-01 1.605948e-01 1.652762e-01 
109 1527 1.635441e-01 0 0 1.626568e-01 1.674286e-01 1.560486e-01 1.582056e-01 1.568952e-01 1.632190e-01 1.798829e-01 1.572794e-01 1.602117e-01 1.741279e-01 1.658475e-01 1.634066e-01 1.618288e-01 1.582490e-01 1.554859e-01 1.544568e-01 1.607029e-01 1.556140e-01 1.567477e-01 1.581799e-01 1.786309e-01 1.542063e-01 1.570604e-01 1.588624e-01 1.630111e-01 1.531376e-01 1.811742e-01 1.608450e-01 1.793045e-01 1.618992e-01 1.566911e-01 1.611810e-01 
110 1541 1.620400e-01 0 0 1.615068e-01 1.657704e-01 1.544638e-01 1.564091e-01 1.554820e-01 1.614038e-01 1.786147e-01 1.556151e-01 1.583610e-01 1.726404e-01 1.647713e-01 1.616035e-01 1.605118e-01 1.566506e-01 1.539685e-01 1.531553e-01 1.593928e-01 1.539656e-01 1.550094e-01 1.567133e-01 1.772803e-01 1.527223e-01 1.553016e-01 1.572750e-01 1.613230e-01 1.515995e-01 1.792837e-01 1.602699e-01 1.779780e-01 1.601731e-01 1.551538e-01 1.599013e-01 
111 1555 1.611527e-01 0 0 1.604431e-01 1.647027e-01 1.537790e-01 1.553544e-01 1.543945e-01 1.601973e-01 1.776636e-01 1.545116e-01 1.574694e-01 1.715157e-01 1.636281e-01 1.606952e-01 1.594045e-01 1.559072e-01 1.528493e-01 1.521931e-01 1.586966e-01 1.527712e-01 1.538001e-01 1.554201e-01 1.762607e-01 1.520335e-01 1.541540e-01 1.568568e-01 1.600297e-01 1.503949e-01 1.778446e-01 1.601097e-01 1.767602e-01 1.593453e-01 1.540109e-01 1.586829e-01 
112 1569 1.617670e-01 0 0 1.609011e-01 1.653266e-01 1.540683e-01 1.558512e-01 1.546869e-01 1.605602e-01 1.778758e-01 1.548952e-01 1.584091e-01 1.724224e-01 1.645089e-01 1.612852e-01 1.599567e-01 1.561410e-01 1.530395e-01 1.534540e-01 1.593471e-01 1.531387e-01 1.542599e-01 1.558559e-01 1.768626e-01 1.528395e-01 1.546886e-01 1.577666e-01 1.603144e-01 1.508380e-01 1.786994e-01 1.609027e-01 1.771602e-01 1.605834e-01 1.542540e-01 1.592157e-01 
113 1583 1.622758e-01 0 0 1.614970e-01 1.661483e-01 1.542636e-01 1.564077e-01 1.556391e-01 1.610677e-01 1.781116e-01 1.555948e-01 1.584893e-01 1.728502e-01 1.648393e-01 1.629937e-01 1.603389e-01 1.563509e-01 1.531934e-01 1.536836e-01 1.598399e-01 1.538351e-01 1.550048e-01 1.560128e-01 1.770938e-01 1.534378e-01 1.550813e-01 1.581941e-01 1.605556e-01 1.511862e-01 1.788619e-01 1.621528e-01 1.774968e-01 1.615516e-01 1.546786e-01 1.594753e-01 
114 1597 1.646172e-01 0 0 1.637342e-01 1.693437e-01 1.561739e-01 1.583632e-01 1.575583e-01 1.633415e-01 1.803108e-01 1.577202e-01 1.608153e-01 1.755026e-01 1.680908e-01 1.659981e-01 1.623034e-01 1.587020e-01 1.549922e-01 1.558250e-01 1.628022e-01 1.559592e-01 1.569778e-01 1.580764e-01 1.797006e-01 1.561965e-01 1.572575e-01 1.606150e-01 1.628916e-01 1.531016e-01 1.812137e-01 1.646638e-01 1.795557e-01 1.640061e-01 1.567999e-01 1.615547e-01 
115 1611 1.698548e-01 0 0 1.701886e-01 1.752247e-01 1.607934e-01 1.635232e-01 1.632826e-01 1.689860e-01 1.856361e-01 1.627692e-01 1.655980e-01 1.808693e-01 1.740489e-01 1.718039e-01 1.673393e-01 1.635555e-01 1.599828e-01 1.605490e-01 1.678309e-01 1.604737e-01 1.616591e-01 1.630350e-01 1.853826e-01 1.616592e-01 1.618038e-01 1.657319e-01 1.676586e-01 1.581329e-01 1.866947e-01 1.703664e-01 1.857606e-01 1.693374e-01 1.615225e-01 1.667322e-01 
116 1625 1.705927e-01 0 0 1.710303e-01 1.762210e-01 1.611797e-01 1.639170e-01 1.638764e-01 1.695644e-01 1.861128e-01 1.632399e-01 1.660756e-01 1.812346e-01 1.748017e-01 1.728499e-01 1.677325e-01 1.639798e-01 1.609939e-01 1.609073e-01 1.686009e-01 1.610368e-01 1.621122e-01 1.638997e-01 1.860523e-01 1.625358e-01 1.623802e-01 1.662655e-01 1.683047e-01 1.586836e-01 1.874942e-01 1.711790e-01 1.864259e-01 1.702277e-01 1.619711e-01 1.673062e-01 
117 1639 1.724808e-01 0 0 1.726752e-01 1.782268e-01 1.627902e-01 1.654139e-01 1.656115e-01 1.721559e-01 1.878359e-01 1.650064e-01 1.675119e-01 1.836723e-01 1.770148e-01 1.751413e-01 1.693429e-01 1.655463e-01 1.629543e-01 1.623451e-01 1.703815e-01 1.630949e-01 1.637133e-01 1.653987e-01 1.882711e-01 1.642875e-01 1.637971e-01 1.679592e-01 1.700860e-01 1.604150e-01 1.891838e-01 1.729545e-01 1.885763e-01 1.722916e-01 1.638655e-01 1.688195e-01 
118 1653 1.731156e-01 0 0 1.734247e-01 1.790081e-01 1.631110e-01 1.660198e-01 1.660647e-01 1.729659e-01 1.883084e-01 1.654859e-01 1.682841e-01 1.840177e-01 1.778821e-01 1.759574e-01 1.700104e-01 1.658884e-01 1.634082e-01 1.629549e-01 1.710512e-01 1.639851e-01 1.642347e-01 1.666153e-01 1.890969e-01 1.659082e-01 1.641506e-01 1.683245e-01 1.707025e-01 1.612299e-01 1.896180e-01 1.733998e-01 1.895685e-01 1.727760e-01 1.644873e-01 1.690915e-01 
119 1667 1.722228e-01 0 0 1.722272e-01 1.785892e-01 1.620195e-01 1.648477e-01 1.648801e-01 1.718771e-01 1.870360e-01 1.646570e-01 1.677885e-01 1.827775e-01 1.770319e-01 1.752896e-01 1.692058e-01 1.648241e-01 1.623892e-01 1.619149e-01 1.703411e-01 1.632054e-01 1.630960e-01 1.653667e-01 1.878989e-01 1.655468e-01 1.631246e-01 1.673755e-01 1.700126e-01 1.608434e-01 1.883505e-01 1.722304e-01 1.888364e-01 1.721088e-01 1.638953e-01 1.680025e-01 
120 1681 1.701586e-01 0 0 1.702273e-01 1.760506e-01 1.601148e-01 1.629859e-01 1.626265e-01 1.697621e-01 1.844453e-01 1.624235e-01 1.656764e-01 1.802005e-01 1.749712e-01 1.733022e-01 1.673949e-01 1.626820e-01 1.604696e-01 1.596966e-01 1.683304e-01 1.612798e-01 1.607757e-01 1.634727e-01 1.852230e-01 1.637214e-01 1.612337e-01 1.649599e-01 1.676870e-01 1.599096e-01 1.860895e-01 1.702624e-01 1.868450e-01 1.696720e-01 1.619357e-01 1.656376e-01 
121 1695 1.684463e-01 0 0 1.682572e-01 1.743344e-01 1.587049e-01 1.610227e-01 1.614896e-01 1.680512e-01 1.821885e-01 1.606655e-01 1.637495e-01 1.784675e-01 1.728201e-01 1.713791e-01 1.655627e-01 1.610126e-01 1.589071e-01 1.582236e-01 1.662677e-01 1.594370e-01 1.589930e-01 1.616131e-01 1.835991e-01 1.617489e-01 1.597532e-01 1.635077e-01 1.655741e-01 1.581886e-01 1.843837e-01 1.682325e-01 1.848601e-01 1.682528e-01 1.601148e-01 1.635597e-01 
122 1709 1.663898e-01 0 0 1.663952e-01 1.721854e-01 1.570110e-01 1.591389e-01 1.595327e-01 1.658407e-01 1.796323e-01 1.585646e-01 1.617523e-01 1.759462e-01 1.707528e-01 1.691038e-01 1.632012e-01 1.588845e-01 1.570136e-01 1.560818e-01 1.638609e-01 1.576605e-01 1.567446e-01 1.595865e-01 1.810845e-01 1.594578e-01 1.576207e-01 1.613243e-01 1.638284e-01 1.559258e-01 1.825725e-01 1.661414e-01 1.823809e-01 1.658832e-01 1.580995e-01 1.612462e-01 
123 1723 1.652964e-01 0 0 1.651397e-01 1.710636e-01 1.560883e-01 1.578968e-01 1.583208e-01 1.644741e-01 1.782378e-01 1.578321e-01 1.603942e-01 1.751464e-01 1.692620e-01 1.678399e-01 1.621815e-01 1.577351e-01 1.563310e-01 1.549808e-01 1.625502e-01 1.564394e-01 1.553997e-01 1.582295e-01 1.795312e-01 1.582665e-01 1.563124e-01 1.603266e-01 1.633569e-01 1.545636e-01 1.812618e-01 1.648184e-01 1.809938e-01 1.644129e-01 1.568513e-01 1.599930e-01 
124 1737 1.629989e-01 0 0 1.626163e-01 1.685962e-01 1.543462e-01 1.557585e-01 1.559388e-01 1.626779e-01 1.754789e-01 1.556491e-01 1.581770e-01 1.729057e-01 1.671352e-01 1.656179e-01 1.599868e-01 1.551183e-01 1.542908e-01 1.527303e-01 1.603934e-01 1.544128e-01 1.530068e-01 1.559882e-01 1.770816e-01 1.560346e-01 1.539158e-01 1.578888e-01 1.609373e-01 1.521348e-01 1.791391e-01 1.622881e-01 1.782518e-01 1.618992e-01 1.547850e-01 1.575320e-01 
125 1751 1.600188e-01 0 0 1.596829e-01 1.651565e-01 1.514811e-01 1.527602e-01 1.527810e-01 1.593726e-01 1.725094e-01 1.534096e-01 1.552534e-01 1.693006e-01 1.643803e-01 1.629044e-01 1.567075e-01 1.527557e-01 1.515532e-01 1.496479e-01 1.572438e-01 1.515386e-01 1.499634e-01 1.532654e-01 1.736068e-01 1.529789e-01 1.507046e-01 1.550646e-01 1.578912e-01 1.490703e-01 1.762931e-01 1.590854e-01 1.749817e-01 1.586793e-01 1.522394e-01 1.544398e-01 
126 1765 1.563091e-01 0 0 1.555773e-01 1.616051e-01 1.478493e-01 1.493000e-01 1.489392e-01 1.557411e-01 1.682467e-01 1.503650e-01 1.514471e-01 1.653144e-01 1.605305e-01 1.588825e-01 1.528677e-01 1.496090e-01 1.477865e-01 1.459766e-01 1.532608e-01 1.479774e-01 1.462694e-01 1.494859e-01 1.695718e-01 1.498969e-01 1.470729e-01 1.512137e-01 1.539269e-01 1.457360e-01 1.726613e-01 1.556266e-01 1.707036e-01 1.551467e-01 1.487212e-01 1.505606e-01 
127 1779 1.530361e-01 0 0 1.518990e-01 1.581415e-01 1.444949e-01 1.458361e-01 1.459965e-01 1.523997e-01 1.650944e-01 1.470561e-01 1.482012e-01 1.615451e-01 1.572450e-01 1.551957e-01 1.494102e-01 1.463994e-01 1.443639e-01 1.425215e-01 1.498563e-01 1.447735e-01 1.430073e-01 1.463087e-01 1.656414e-01 1.465894e-01 1.437894e-01 1.478407e-01 1.504313e-01 1.426629e-01 1.696591e-01 1.522844e-01 1.669923e-01 1.520587e-01 1.457270e-01 1.470970e-01 
128 1793 1.524496e-01 0 0 1.513887e-01 1.575558e-01 1.436537e-01 1.449712e-01 1.453206e-01 1.516786e-01 1.644305e-01 1.464404e-01 1.475325e-01 1.612537e-01 1.563878e-01 1.544176e-01 1.488659e-01 1.458348e-01 1.435270e-01 1.416364e-01 1.490713e-01 1.439882e-01 1.422112e-01 1.457085e-01 1.655398e-01 1.456753e-01 1.429755e-01 1.476387e-01 1.496234e-01 1.422420e-01 1.699321e-01 1.514562e-01 1.663682e-01 1.511641e-01 1.450215e-01 1.470780e-01 
129 1807 1.536673e-01 0 0 1.525953e-01 1.587256e-01 1.449481e-01 1.458413e-01 1.464092e-01 1.527798e-01 1.659487e-01 1.475514e-01 1.484997e-01 1.625780e-01 1.577551e-01 1.552417e-01 1.500546e-01 1.475737e-01 1.451083e-01 1.426789e-01 1.501634e-01 1.450445e-01 1.430911e-01 1.467193e-01 1.668562e-01 1.466305e-01 1.441318e-01 1.489074e-01 1.505621e-01 1.432539e-01 1.717704e-01 1.523772e-01 1.673214e-01 1.522929e-01 1.463151e-01 1.479854e-01 
130 1821 1.556109e-01 0 0 1.543663e-01 1.608591e-01 1.468026e-01 1.475500e-01 1.479519e-01 1.547601e-01 1.676880e-01 1.493476e-01 1.501564e-01 1.646858e-01 1.604747e-01 1.570397e-01 1.515205e-01 1.497053e-01 1.474825e-01 1.448736e-01 1.517952e-01 1.469053e-01 1.445377e-01 1.484526e-01 1.690781e-01 1.483226e-01 1.458589e-01 1.507037e-01 1.521659e-01 1.448668e-01 1.755874e-01 1.540780e-01 1.690165e-01 1.545002e-01 1.488413e-01 1.497715e-01 
131 1835 1.554486e-01 0 0 1.541381e-01 1.605707e-01 1.464857e-01 1.470835e-01 1.478684e-01 1.547479e-01 1.673909e-01 1.491273e-01 1.501979e-01 1.659199e-01 1.601178e-01 1.567642e-01 1.516076e-01 1.494976e-01 1.472298e-01 1.447206e-01 1.513541e-01 1.469823e-01 1.440919e-01 1.480461e-01 1.691649e-01 1.478628e-01 1.455874e-01 1.502478e-01 1.522728e-01 1.445737e-01 1.758220e-01 1.537560e-01 1.684923e-01 1.540438e-01 1.488715e-01 1.498155e-01 
132 1849 1.552836e-01 0 0 1.538021e-01 1.606035e-01 1.460022e-01 1.468022e-01 1.473153e-01 1.542930e-01 1.672083e-01 1.487161e-01 1.502066e-01 1.662368e-01 1.596543e-01 1.562693e-01 1.513917e-01 1.492635e-01 1.471509e-01 1.446784e-01 1.514215e-01 1.466709e-01 1.438373e-01 1.476263e-01 1.692744e-01 1.473129e-01 1.456023e-01 1.500205e-01 1.517762e-01 1.446659e-01 1.757033e-01 1.533922e-01 1.678996e-01 1.538130e-01 1.494268e-01 1.505998e-01 
133 1863 1.532448e-01 0 0 1.518365e-01 1.584402e-01 1.440448e-01 1.447508e-01 1.454784e-01 1.520281e-01 1.649828e-01 1.464360e-01 1.479918e-01 1.643418e-01 1.574889e-01 1.541138e-01 1.491733e-01 1.473318e-01 1.452592e-01 1.427173e-01 1.490604e-01 1.444976e-01 1.415739e-01 1.456610e-01 1.670707e-01 1.453629e-01 1.433205e-01 1.478074e-01 1.502453e-01 1.428012e-01 1.734604e-01 1.516057e-01 1.655649e-01 1.517187e-01 1.477503e-01 1.485471e-01 
134 1877 1.535418e-01 0 0 1.519140e-01 1.586254e-01 1.444149e-01 1.448496e-01 1.458184e-01 1.521959e-01 1.649836e-01 1.471002e-01 1.484817e-01 1.652723e-01 1.577565e-01 1.542703e-01 1.492504e-01 1.474623e-01 1.458761e-01 1.428125e-01 1.492534e-01 1.445751e-01 1.415274e-01 1.455901e-01 1.673645e-01 1.457317e-01 1.437341e-01 1.478274e-01 1.515386e-01 1.434031e-01 1.736113e-01 1.518683e-01 1.656313e-01 1.518875e-01 1.483769e-01 1.485895e-01 
135 1891 1.543131e-01 0 0 1.523821e-01 1.594211e-01 1.448473e-01 1.454518e-01 1.465581e-01 1.531781e-01 1.654129e-01 1.475391e-01 1.495695e-01 1.664266e-01 1.583573e-01 1.551366e-01 1.497746e-01 1.482366e-01 1.466724e-01 1.435672e-01 1.500175e-01 1.452927e-01 1.422078e-01 1.459559e-01 1.681529e-01 1.466123e-01 1.447608e-01 1.482165e-01 1.532386e-01 1.447980e-01 1.741063e-01 1.524226e-01 1.672613e-01 1.528139e-01 1.490504e-01 1.493081e-01 
136 1905 1.540548e-01 0 0 1.517596e-01 1.588337e-01 1.445295e-01 1.450051e-01 1.460543e-01 1.526084e-01 1.651680e-01 1.473123e-01 1.496473e-01 1.659647e-01 1.579613e-01 1.547233e-01 1.494653e-01 1.479468e-01 1.465688e-01 1.435508e-01 1.497406e-01 1.450231e-01 1.417774e-01 1.454865e-01 1.679312e-01 1.462195e-01 1.445487e-01 1.481946e-01 1.533641e-01 1.449620e-01 1.737386e-01 1.518509e-01 1.669933e-01 1.522411e-01 1.485878e-01 1.493390e-01 
137 1919 1.536282e-01 0 0 1.514407e-01 1.585550e-01 1.441165e-01 1.445973e-01 1.457176e-01 1.519002e-01 1.644927e-01 1.466751e-01 1.494914e-01 1.658004e-01 1.578711e-01 1.539901e-01 1.490430e-01 1.480542e-01 1.458721e-01 1.430418e-01 1.492258e-01 1.446594e-01 1.413718e-01 1.447028e-01 1.670910e-01 1.458070e-01 1.443107e-01 1.474178e-01 1.532110e-01 1.447462e-01 1.730028e-01 1.510378e-01 1.665084e-01 1.515034e-01 1.479453e-01 1.489464e-01 
138 1933 1.509606e-01 0 0 1.486241e-01 1.556002e-01 1.414936e-01 1.417946e-01 1.431556e-01 1.491438e-01 1.614796e-01 1.438329e-01 1.471643e-01 1.629389e-01 1.550333e-01 1.514566e-01 1.462126e-01 1.457182e-01 1.434098e-01 1.404024e-01 1.466608e-01 1.420293e-01 1.386584e-01 1.419058e-01 1.643037e-01 1.439128e-01 1.417370e-01 1.445187e-01 1.503608e-01 1.424392e-01 1.697856e-01 1.480509e-01 1.636642e-01 1.493612e-01 1.451641e-01 1.460697e-01 
