%  columns="iteration, evaluation, fitness, void, void, xrecentbest" (startseed=208486, 2016/06/18 20:18:6.86)
1 15  9.297131899145455500e-01 0 0 1.637374e+00 -3.033852e+00 -3.830721e+00 -7.051254e-01 -1.717451e+00 3.401327e+00 4.714065e+00 4.359807e-01 -3.360589e+00 1.152939e+00 1.568287e+00 3.246865e+00 -7.345476e-01 -1.242919e+00 1.094769e+00 8.566762e-01 -1.430475e+00 5.988748e-01 -1.211121e+00 -4.120357e-01 7.719000e-02 -6.410796e-01 1.104260e+00 -1.214293e-01 -6.698544e-01 2.317947e+00 -3.277252e+00 -2.695017e+00 -3.348611e+00 -2.528601e+00 -6.555500e-01 1.887527e+00 
2 29  8.561881934520048100e-01 0 0 1.523767e+00 -2.974210e+00 -3.853043e+00 -5.241676e-01 -1.772451e+00 3.360619e+00 4.243692e+00 2.620380e-01 -3.504371e+00 1.163393e+00 1.764119e+00 3.440689e+00 -6.165787e-01 -1.027901e+00 1.087033e+00 9.768217e-01 -1.441724e+00 6.732034e-01 -1.277185e+00 -3.234211e-01 -6.529560e-02 -9.473071e-01 1.232748e+00 2.813286e-02 -9.163728e-01 2.556585e+00 -3.486564e+00 -2.766442e+00 -3.063786e+00 -2.365107e+00 -3.015590e-01 2.029311e+00 
3 43  6.241287415314243900e-01 0 0 2.032542e+00 -3.149596e+00 -3.815470e+00 -2.733737e-01 -1.895900e+00 3.458838e+00 4.544564e+00 4.658193e-01 -3.499082e+00 1.299005e+00 1.866279e+00 3.074887e+00 -6.174817e-01 -1.117268e+00 1.072485e+00 1.350262e+00 -1.076234e+00 5.193179e-01 -1.192896e+00 -4.394412e-01 -3.665570e-01 -9.009082e-01 1.125067e+00 1.067609e-01 -9.020940e-01 2.601094e+00 -3.464197e+00 -2.681862e+00 -3.182296e+00 -2.328274e+00 -2.542573e-01 2.126325e+00 
4 57  3.919065680104455400e-01 0 0 1.840114e+00 -3.524094e+00 -3.716103e+00 -2.867090e-01 -2.434790e+00 3.475778e+00 4.622007e+00 4.611255e-01 -3.624448e+00 1.381909e+00 1.985938e+00 3.134278e+00 -4.589782e-01 -1.381047e+00 1.148969e+00 1.356786e+00 -1.257045e+00 4.374689e-01 -1.443443e+00 -5.296433e-01 -2.689478e-01 -1.113089e+00 1.359991e+00 -1.456613e-01 -8.812446e-01 2.393171e+00 -3.252875e+00 -2.685408e+00 -2.983036e+00 -2.096266e+00 -1.613388e-01 2.381790e+00 
5 71  3.558595304132113900e-01 0 0 1.482232e+00 -3.375001e+00 -3.669744e+00 -4.032613e-01 -2.285562e+00 3.110743e+00 4.680709e+00 6.562973e-01 -3.734671e+00 1.557847e+00 1.792018e+00 3.252012e+00 -2.793347e-01 -1.300174e+00 1.057709e+00 1.552024e+00 -1.378985e+00 4.315050e-01 -1.179204e+00 -2.440522e-01 -1.391427e-02 -1.161505e+00 1.307888e+00 -4.735272e-02 -1.180126e+00 2.853517e+00 -3.624992e+00 -2.579815e+00 -3.012686e+00 -2.187987e+00 -1.610006e-01 2.484120e+00 
6 85  3.464017215794169500e-01 0 0 1.469299e+00 -3.756491e+00 -3.490215e+00 -3.571974e-01 -1.844811e+00 3.188705e+00 4.491669e+00 3.484144e-01 -3.747779e+00 1.385025e+00 1.824530e+00 3.267829e+00 -5.307436e-01 -1.412846e+00 8.797643e-01 1.151448e+00 -1.150275e+00 5.843613e-01 -1.059308e+00 -3.570609e-01 7.953527e-02 -7.967515e-01 9.122148e-01 1.477572e-01 -8.492170e-01 2.967444e+00 -3.615524e+00 -2.383037e+00 -3.205031e+00 -2.294308e+00 -2.466392e-01 2.660179e+00 
7 99  3.482710077664204500e-01 0 0 1.674257e+00 -3.779119e+00 -3.736107e+00 -4.445292e-01 -2.317175e+00 3.338106e+00 4.425858e+00 5.491252e-01 -3.701799e+00 1.376772e+00 1.537817e+00 3.545725e+00 -6.894082e-02 -1.685312e+00 7.621264e-01 1.301658e+00 -1.219300e+00 4.407273e-01 -1.380940e+00 -2.209756e-01 -8.527051e-02 -9.396834e-01 9.116840e-01 6.245058e-02 -8.499866e-01 2.577469e+00 -3.343634e+00 -2.477081e+00 -3.358896e+00 -1.865878e+00 -4.630490e-01 2.521418e+00 
8 113  3.315163976366868300e-01 0 0 1.412818e+00 -3.520261e+00 -3.486927e+00 2.258065e-01 -2.421903e+00 3.528266e+00 4.282744e+00 5.444256e-01 -4.136621e+00 1.359048e+00 1.800347e+00 3.393279e+00 -5.681764e-01 -1.521447e+00 8.098429e-01 1.418144e+00 -9.916567e-01 4.321193e-01 -1.698467e+00 -1.627879e-01 -1.561468e-01 -9.112100e-01 8.247163e-01 2.943272e-01 -1.082446e+00 2.478473e+00 -3.321038e+00 -2.992104e+00 -3.331510e+00 -2.203494e+00 1.008189e-01 2.744506e+00 
9 127  3.363103288425361400e-01 0 0 1.149899e+00 -3.314532e+00 -3.239830e+00 -4.121379e-02 -2.362223e+00 3.702508e+00 4.133007e+00 8.144326e-01 -3.937303e+00 1.411676e+00 1.956013e+00 3.252563e+00 -4.574285e-01 -1.160936e+00 1.073809e+00 1.164651e+00 -8.944826e-01 -8.142309e-03 -1.685090e+00 -1.115412e-01 -3.199769e-01 -9.366982e-01 1.162692e+00 4.893666e-01 -1.095229e+00 2.390479e+00 -3.378155e+00 -2.437362e+00 -3.271317e+00 -2.208193e+00 -9.467134e-02 2.546126e+00 
10 141  3.220317709020919000e-01 0 0 1.510368e+00 -3.254201e+00 -3.213561e+00 -3.824064e-01 -2.400315e+00 3.226357e+00 4.289465e+00 6.801735e-01 -3.713459e+00 1.557761e+00 1.983211e+00 3.244792e+00 -7.716972e-01 -1.296256e+00 1.174132e+00 1.432339e+00 -7.739712e-01 3.215261e-01 -1.475507e+00 -2.378879e-01 -3.808336e-01 -9.434960e-01 8.639995e-01 4.102713e-01 -1.127435e+00 2.466809e+00 -2.954465e+00 -2.305792e+00 -3.126423e+00 -1.946180e+00 1.985334e-01 2.613895e+00 
11 155  2.960083796047873200e-01 0 0 1.194812e+00 -3.637843e+00 -3.133105e+00 1.754270e-01 -2.532750e+00 3.569481e+00 4.486632e+00 7.514627e-01 -3.629060e+00 1.737351e+00 1.739629e+00 3.574767e+00 -2.885407e-01 -1.600092e+00 1.377440e+00 1.253871e+00 -8.995346e-01 6.111508e-03 -1.463683e+00 3.827531e-02 -4.516491e-01 -1.141380e+00 7.619994e-01 2.783611e-01 -1.216134e+00 2.424841e+00 -2.663713e+00 -2.880623e+00 -3.196178e+00 -2.184989e+00 5.812546e-02 2.613874e+00 
12 169  2.794028717502026200e-01 0 0 1.290494e+00 -3.629141e+00 -3.424010e+00 -2.633660e-01 -2.558545e+00 3.197419e+00 4.528915e+00 8.761333e-01 -3.491032e+00 1.808994e+00 1.655377e+00 3.357987e+00 -5.687287e-01 -1.267296e+00 9.045124e-01 1.257627e+00 -1.251947e+00 3.908280e-01 -1.837841e+00 -6.840476e-04 -3.122414e-01 -8.889623e-01 4.056638e-01 4.906360e-01 -9.746306e-01 2.966429e+00 -2.267880e+00 -2.267699e+00 -2.984929e+00 -2.569249e+00 -8.192973e-02 2.999350e+00 
13 183  2.656094012906774500e-01 0 0 9.876135e-01 -3.588197e+00 -3.225693e+00 -5.393225e-02 -2.445992e+00 3.278203e+00 4.865572e+00 4.910743e-01 -3.692983e+00 2.171337e+00 2.195616e+00 3.379917e+00 -6.675226e-01 -1.287002e+00 1.219275e+00 1.526775e+00 -1.008840e+00 3.875925e-01 -1.623223e+00 -3.097130e-01 -1.285560e-01 -9.622685e-01 6.059039e-01 1.023890e-01 -1.160102e+00 2.803896e+00 -2.462682e+00 -2.468780e+00 -3.179692e+00 -2.431076e+00 -9.963195e-02 2.524986e+00 
14 197  2.414967230317363300e-01 0 0 1.112034e+00 -3.312967e+00 -3.311085e+00 -1.989029e-01 -2.549595e+00 3.201300e+00 4.156111e+00 5.606171e-01 -3.409388e+00 1.677583e+00 1.687803e+00 3.994405e+00 -2.989693e-01 -1.144136e+00 1.067912e+00 1.163231e+00 -1.219841e+00 2.022046e-01 -1.986721e+00 -6.423992e-02 -2.903573e-01 -1.062996e+00 4.164863e-01 -3.035695e-02 -1.119395e+00 2.525739e+00 -1.943731e+00 -2.273775e+00 -3.386891e+00 -2.310757e+00 3.322833e-01 2.429391e+00 
15 211  2.131277631242561600e-01 0 0 8.654337e-01 -3.504105e+00 -2.765244e+00 -1.190667e-01 -2.437449e+00 3.163443e+00 4.114766e+00 4.809989e-01 -3.665532e+00 1.890770e+00 1.840386e+00 3.706946e+00 -5.406586e-01 -1.343093e+00 1.515931e+00 1.262408e+00 -8.737396e-01 5.909781e-01 -1.943141e+00 -3.083933e-01 -8.369062e-01 -1.206982e+00 8.187428e-01 2.173708e-01 -1.067525e+00 2.763040e+00 -1.835099e+00 -2.143529e+00 -3.190864e+00 -2.298073e+00 6.417085e-01 2.539854e+00 
16 225  2.138601397236913900e-01 0 0 1.342457e+00 -3.397443e+00 -2.963142e+00 -2.031384e-01 -2.911708e+00 3.678854e+00 4.244753e+00 7.345093e-01 -3.590308e+00 1.834603e+00 1.487090e+00 3.571898e+00 -3.968271e-01 -1.337262e+00 1.863276e+00 1.137996e+00 -7.705783e-01 -8.298700e-04 -2.268747e+00 -1.293887e-01 -2.668074e-01 -1.094767e+00 5.304556e-01 3.358473e-01 -7.919364e-01 2.430352e+00 -2.203310e+00 -2.706348e+00 -3.365379e+00 -1.897341e+00 4.816910e-01 3.078105e+00 
17 239  2.217125443612261700e-01 0 0 1.155771e+00 -3.628754e+00 -3.071567e+00 7.199490e-02 -2.717924e+00 2.663132e+00 3.838547e+00 5.178023e-01 -3.975919e+00 2.183915e+00 1.640902e+00 3.871110e+00 -7.930612e-01 -1.274526e+00 1.191789e+00 1.300579e+00 -1.006467e+00 2.105265e-01 -2.183226e+00 -4.396531e-01 -4.712364e-01 -1.193369e+00 4.220454e-01 1.641637e-01 -1.010576e+00 2.913796e+00 -2.121330e+00 -2.725674e+00 -3.146109e+00 -2.183703e+00 2.990273e-01 2.528229e+00 
18 253  1.994108247818672000e-01 0 0 1.529087e+00 -3.608263e+00 -2.734319e+00 -1.874867e-01 -2.574944e+00 2.994263e+00 4.166677e+00 5.325085e-01 -4.212399e+00 1.931527e+00 1.646055e+00 4.022907e+00 -8.846022e-01 -1.332031e+00 1.420208e+00 1.310022e+00 -6.421245e-01 1.573230e-01 -2.334884e+00 -4.587946e-01 -6.592778e-01 -1.233199e+00 3.843680e-01 9.298930e-02 -1.166139e+00 2.880362e+00 -1.679727e+00 -2.517165e+00 -3.318910e+00 -2.231586e+00 5.769789e-01 3.086526e+00 
19 267  1.822950009909737900e-01 0 0 1.761854e+00 -3.687920e+00 -2.642451e+00 -3.228188e-01 -2.515877e+00 2.543967e+00 4.100349e+00 5.319146e-01 -4.233444e+00 2.361946e+00 2.026255e+00 3.819732e+00 -9.568220e-01 -1.063422e+00 1.153668e+00 9.225640e-01 -9.508031e-01 -8.585469e-03 -1.765095e+00 -4.703074e-01 -7.560577e-01 -9.885849e-01 2.355911e-01 -2.440506e-02 -8.811166e-01 2.927888e+00 -1.610581e+00 -2.202309e+00 -3.611297e+00 -2.134606e+00 6.150451e-01 2.527991e+00 
20 281  1.843646953997682400e-01 0 0 1.182185e+00 -3.423577e+00 -2.486271e+00 -1.207191e-01 -2.397746e+00 2.631455e+00 3.981934e+00 7.552215e-01 -3.786724e+00 2.267612e+00 1.462164e+00 3.692324e+00 -7.163572e-01 -1.132852e+00 1.097800e+00 1.118132e+00 -7.518515e-01 -6.845959e-02 -2.204035e+00 -6.672957e-01 -3.155250e-01 -1.326715e+00 3.260540e-01 -7.175114e-02 -5.691261e-01 3.021835e+00 -1.405811e+00 -2.379120e+00 -3.295482e+00 -2.263838e+00 3.416683e-01 2.850639e+00 
21 295  1.409639653118006700e-01 0 0 1.192795e+00 -3.653283e+00 -2.564723e+00 -1.465193e-01 -2.797351e+00 2.878729e+00 3.651714e+00 3.385120e-01 -3.958798e+00 2.242910e+00 1.630946e+00 3.446935e+00 -7.311951e-01 -1.130302e+00 1.490972e+00 9.631089e-01 -5.673197e-01 9.516189e-02 -2.377094e+00 -7.510468e-01 -3.842332e-01 -1.343381e+00 9.189224e-02 9.622483e-02 -4.465482e-01 2.780804e+00 -1.171184e+00 -1.947879e+00 -3.749059e+00 -2.015329e+00 5.462520e-01 3.382967e+00 
22 309  1.392006343633071000e-01 0 0 6.352139e-01 -3.314571e+00 -2.728738e+00 -1.909360e-01 -2.556429e+00 2.994325e+00 3.962951e+00 9.393095e-01 -3.857352e+00 1.214148e+00 1.648087e+00 3.416117e+00 -7.503439e-01 -1.084875e+00 1.898717e+00 1.080857e+00 -6.090071e-01 3.461667e-01 -2.125810e+00 -8.039688e-01 -3.746777e-01 -1.071157e+00 -1.655850e-02 -5.603996e-02 -6.615766e-01 3.133828e+00 -1.207612e+00 -2.029170e+00 -3.719845e+00 -2.346593e+00 5.989837e-01 3.207548e+00 
23 323  8.402586877072729100e-02 0 0 1.402670e+00 -3.277328e+00 -2.537947e+00 1.034439e-01 -2.455435e+00 3.250939e+00 3.426021e+00 1.063504e+00 -3.738597e+00 1.434775e+00 7.946559e-01 4.228874e+00 -6.356902e-01 -8.222168e-01 1.989031e+00 9.656922e-01 -6.316837e-01 3.565467e-01 -2.022016e+00 -7.800733e-01 -2.860283e-02 -6.968138e-01 8.033226e-03 -1.043106e-01 -5.841720e-01 3.524904e+00 -9.302039e-01 -1.985734e+00 -3.667022e+00 -2.454055e+00 7.586759e-02 2.829696e+00 
24 337  8.929965059152991700e-02 0 0 1.556494e+00 -3.960730e+00 -2.802479e+00 2.416679e-01 -2.285530e+00 3.014729e+00 3.451852e+00 4.149523e-01 -3.821293e+00 1.873225e+00 9.305514e-01 4.272829e+00 -2.601989e-02 -7.655302e-01 1.459975e+00 1.094064e+00 -1.104748e+00 -3.074724e-01 -2.445707e+00 -9.312724e-01 -4.037290e-01 -6.094571e-01 5.286751e-01 9.110143e-02 -1.552190e-01 3.060082e+00 -9.264732e-01 -2.195400e+00 -4.031250e+00 -2.154802e+00 1.790081e-01 3.235089e+00 
25 351  7.819373409623589500e-02 0 0 8.889405e-01 -3.629952e+00 -2.999568e+00 4.903555e-02 -2.955207e+00 3.127354e+00 3.486123e+00 1.080302e+00 -3.499640e+00 1.726759e+00 6.089366e-01 4.227279e+00 -5.105282e-01 -9.236875e-01 1.700435e+00 9.749281e-01 -1.211215e+00 9.984860e-02 -2.115599e+00 -1.121099e+00 -1.838939e-01 -8.917262e-01 3.659144e-02 -6.533708e-01 -1.496183e-01 3.587457e+00 -8.967174e-01 -2.330713e+00 -3.936632e+00 -1.851743e+00 2.213889e-01 3.453996e+00 
26 365  7.936662580367023800e-02 0 0 1.280945e+00 -3.573532e+00 -3.048568e+00 1.986940e-01 -2.890158e+00 2.592412e+00 3.694406e+00 8.907966e-01 -3.770438e+00 1.215845e+00 2.973135e-01 4.046116e+00 -7.142428e-01 -5.848472e-01 1.522135e+00 1.205224e+00 -2.399368e-01 -2.576690e-01 -1.695173e+00 -1.107919e+00 -8.072820e-02 -5.373988e-01 -1.906794e-01 -2.746464e-01 3.222489e-01 3.461031e+00 -6.882685e-01 -1.894022e+00 -4.293554e+00 -1.857452e+00 3.717654e-01 3.214269e+00 
27 379  7.941628670008066300e-02 0 0 8.530263e-01 -3.905153e+00 -2.971268e+00 -2.158063e-01 -2.660522e+00 2.369860e+00 3.040109e+00 9.713480e-01 -3.822115e+00 1.815056e+00 6.594083e-01 3.621991e+00 -5.544779e-01 -9.590836e-01 1.729341e+00 7.730869e-01 -1.303542e+00 3.916168e-01 -1.880626e+00 -1.845162e+00 1.490034e-01 -4.656794e-01 -6.115004e-02 -3.635778e-01 1.395788e-01 3.272535e+00 -1.067994e+00 -1.961210e+00 -4.295616e+00 -1.810185e+00 5.041643e-01 3.363318e+00 
28 393  6.375045548170896200e-02 0 0 1.294015e+00 -4.064524e+00 -3.035263e+00 -3.423680e-01 -2.888581e+00 2.130553e+00 2.758832e+00 6.010306e-01 -3.840913e+00 1.553171e+00 9.625524e-01 3.825736e+00 -3.980331e-01 -6.404309e-01 1.912596e+00 1.325971e+00 -1.231214e+00 5.990817e-01 -1.113361e+00 -1.191627e+00 -2.477124e-01 -5.282702e-02 -3.999038e-01 -1.960925e-01 2.467424e-01 3.778973e+00 -8.483154e-01 -1.647193e+00 -4.392993e+00 -1.881655e+00 6.990882e-01 3.160895e+00 
29 407  7.664449351727972700e-02 0 0 1.334564e+00 -3.989904e+00 -3.224463e+00 1.811304e-01 -3.177928e+00 1.939077e+00 2.984142e+00 9.581909e-01 -4.381555e+00 2.060941e+00 9.259033e-01 4.155940e+00 -2.186590e-01 -7.752108e-01 1.433763e+00 6.940706e-01 -7.265837e-01 6.054514e-01 -1.315105e+00 -1.887247e+00 -6.825324e-01 -8.885256e-01 -6.262369e-01 -6.157384e-01 2.760143e-01 3.263647e+00 -4.405912e-01 -2.288495e+00 -5.151343e+00 -1.556867e+00 5.975058e-01 3.100562e+00 
30 421  5.559956510600638800e-02 0 0 1.237766e+00 -4.241521e+00 -2.649409e+00 2.671351e-01 -2.684353e+00 2.936987e+00 2.362262e+00 3.308041e-01 -4.369958e+00 1.259819e+00 9.601018e-01 3.614451e+00 -3.106367e-01 -9.559298e-01 2.201340e+00 7.767971e-01 -1.547028e+00 9.429214e-01 -9.054108e-01 -1.522598e+00 5.183282e-01 -5.946576e-01 -8.381747e-01 -7.525148e-02 6.646854e-02 3.458136e+00 -8.951190e-01 -1.881866e+00 -5.096428e+00 -2.225633e+00 3.166004e-01 2.825447e+00 
31 435  5.541613732879235900e-02 0 0 1.763417e+00 -3.849572e+00 -2.815306e+00 -2.547336e-01 -2.851055e+00 2.159842e+00 1.776680e+00 4.700915e-02 -3.673999e+00 1.444829e+00 8.758514e-01 3.944975e+00 1.185874e-01 -7.531647e-01 2.414370e+00 1.578228e+00 -1.272513e+00 4.421581e-01 -9.154352e-01 -1.263291e+00 -2.889673e-01 -1.182240e-01 -5.079274e-01 -4.264027e-01 1.195039e-01 2.948517e+00 -5.267123e-01 -2.349305e+00 -4.949428e+00 -2.413019e+00 8.341685e-01 2.825619e+00 
32 449  5.858465542229044500e-02 0 0 1.112239e+00 -3.813793e+00 -2.705171e+00 5.678093e-01 -3.507699e+00 2.067675e+00 2.229723e+00 1.697000e-02 -4.119642e+00 2.736123e+00 1.010261e+00 4.230856e+00 -6.547812e-02 -8.796872e-01 2.062290e+00 6.838449e-01 -1.369367e+00 5.911749e-01 -1.198461e+00 -1.605050e+00 -6.885294e-01 -4.707830e-01 -6.188639e-01 -5.547840e-01 -9.932525e-02 2.660003e+00 -6.592637e-01 -2.190450e+00 -5.246346e+00 -1.683385e+00 2.060140e-01 2.874208e+00 
33 463  5.778508711649336200e-02 0 0 1.432698e+00 -3.150804e+00 -2.529427e+00 3.464984e-01 -3.048746e+00 2.412629e+00 2.310947e+00 -7.889702e-02 -4.540129e+00 1.798263e+00 4.594385e-01 4.346066e+00 -2.125339e-01 -1.043231e+00 1.418529e+00 1.332793e+00 -7.666925e-01 5.027998e-01 -8.149366e-01 -9.455431e-01 -1.919577e-01 -3.420510e-01 -9.641784e-01 -3.583609e-01 6.198403e-01 3.293368e+00 -9.577725e-01 -2.162401e+00 -5.334640e+00 -1.638987e+00 4.951475e-01 2.792961e+00 
34 477  5.660995512373877300e-02 0 0 1.041945e+00 -3.415896e+00 -2.752521e+00 6.321043e-01 -2.653299e+00 2.344212e+00 2.379697e+00 3.109825e-01 -4.371450e+00 2.329218e+00 4.671785e-01 3.797592e+00 3.239093e-01 -1.132619e+00 1.201653e+00 2.152985e+00 -9.207013e-01 4.455945e-01 -1.373536e+00 -1.833786e+00 -1.809815e-01 -7.965598e-01 -7.680961e-01 -6.575876e-01 3.542787e-02 3.025613e+00 -5.962823e-01 -1.993359e+00 -5.901016e+00 -1.564995e+00 1.052165e-01 3.094196e+00 
35 491  5.924938353336926800e-02 0 0 8.379583e-01 -3.663486e+00 -2.348971e+00 8.187593e-01 -3.450444e+00 1.556665e+00 2.556935e+00 -1.281752e-01 -4.025902e+00 1.764946e+00 -7.316674e-01 3.815947e+00 1.053456e-01 -1.163929e+00 1.504753e+00 1.731367e+00 -1.298158e+00 4.111790e-01 -7.773602e-01 -1.506374e+00 8.166438e-02 -5.712853e-01 -7.901378e-01 -3.862178e-01 4.361392e-01 2.986496e+00 -9.927494e-01 -2.147191e+00 -5.403146e+00 -1.958871e+00 7.366285e-01 3.455348e+00 
36 505  6.570170069656876300e-02 0 0 1.082828e+00 -3.570753e+00 -2.426531e+00 8.371138e-01 -3.473797e+00 1.753618e+00 2.067774e+00 8.335190e-01 -4.295360e+00 2.549061e+00 2.056159e-01 3.989974e+00 1.861725e-01 -5.598040e-01 1.268087e+00 1.715808e+00 -1.160097e+00 4.813973e-01 -1.169620e+00 -1.035172e+00 -7.841436e-01 -6.898881e-01 -1.030824e+00 -5.801606e-01 1.209132e-01 3.304596e+00 -7.645320e-01 -1.717464e+00 -5.042625e+00 -1.978261e+00 3.683767e-01 3.402187e+00 
37 519  5.260611146265901200e-02 0 0 2.879394e-01 -3.484254e+00 -2.171650e+00 7.305884e-01 -3.142893e+00 2.319058e+00 2.197838e+00 5.707858e-01 -4.191448e+00 1.318460e+00 -2.541548e-01 3.027952e+00 -3.783726e-01 -1.676077e+00 1.388428e+00 1.618786e+00 -1.724613e+00 9.292112e-01 -1.345095e+00 -1.593064e+00 -6.009376e-01 -4.632039e-01 -3.296390e-01 -2.456942e-01 9.255046e-01 3.021138e+00 -8.717948e-01 -2.096900e+00 -5.169397e+00 -2.266051e+00 2.292597e-01 2.886577e+00 
38 533  5.104022793799158100e-02 0 0 5.460306e-01 -3.526044e+00 -2.311998e+00 9.003117e-01 -2.851256e+00 2.362149e+00 2.157422e+00 -1.327433e-02 -4.222202e+00 1.463056e+00 -3.071376e-01 3.347785e+00 1.821679e-01 -1.096146e+00 9.535277e-01 2.147396e+00 -9.742602e-01 7.018636e-01 -9.930803e-01 -7.787856e-01 -6.026045e-01 -1.089999e+00 -6.096025e-01 3.252475e-01 9.873345e-01 3.037365e+00 -8.474368e-01 -2.170768e+00 -6.102390e+00 -1.593830e+00 2.304205e-01 2.945592e+00 
39 547  4.815739171030779300e-02 0 0 1.369638e+00 -3.479102e+00 -2.290522e+00 1.121218e+00 -3.023546e+00 1.546047e+00 1.191270e+00 -1.090348e-01 -4.208283e+00 1.526904e+00 -8.731281e-02 4.009846e+00 4.562882e-01 -1.237713e+00 8.247662e-01 2.445180e+00 -9.685704e-01 1.783245e-01 -1.081308e+00 -1.573357e+00 -1.270810e+00 -5.829734e-01 -8.157174e-01 -2.450157e-01 4.923099e-01 3.154140e+00 -1.341139e-01 -2.470768e+00 -6.232599e+00 -1.408299e+00 3.313438e-01 3.836204e+00 
40 561  5.383417470828039100e-02 0 0 1.489021e+00 -3.049439e+00 -2.602333e+00 8.743809e-01 -3.487925e+00 1.693262e+00 2.729015e+00 -4.461090e-01 -5.128775e+00 9.391277e-01 -6.899739e-01 3.363811e+00 1.973471e-01 -1.596767e+00 4.265262e-01 2.209730e+00 -8.648325e-01 8.225065e-02 -1.477212e+00 -1.525513e+00 -1.200816e+00 -6.863309e-01 -4.159721e-01 -5.308767e-01 -1.853064e-01 3.309087e+00 -7.750454e-01 -3.279729e+00 -6.056592e+00 -1.107991e+00 3.408557e-01 3.649307e+00 
41 575  5.781007657115801200e-02 0 0 2.044906e+00 -3.911335e+00 -2.848202e+00 1.166769e+00 -3.543356e+00 2.175678e+00 2.323835e+00 -4.058852e-01 -4.024215e+00 1.301734e+00 -1.151364e+00 3.886990e+00 -1.756603e-02 -1.818968e+00 1.275887e+00 1.888131e+00 -9.681496e-01 6.676874e-01 -9.167406e-01 -1.222670e+00 -1.966766e+00 -7.937181e-01 -8.879331e-01 -1.673595e-01 6.551065e-01 2.876610e+00 -1.228067e-01 -2.327157e+00 -6.575059e+00 -5.507929e-01 8.577897e-01 3.749938e+00 
42 589  4.792598703174969600e-02 0 0 2.112503e+00 -3.606339e+00 -3.290671e+00 1.227243e+00 -3.670314e+00 1.381753e+00 1.516546e+00 -6.893114e-01 -4.466313e+00 8.837391e-01 -5.694524e-01 3.064015e+00 3.054827e-01 -2.166335e+00 1.069140e+00 1.353264e+00 -9.428602e-01 3.169536e-01 -1.722938e+00 -1.389264e+00 -1.966162e+00 -4.727174e-01 -6.637406e-01 5.570727e-02 -1.681116e-02 3.464623e+00 -5.708299e-01 -2.801738e+00 -7.063119e+00 -1.212654e+00 6.403664e-01 3.832102e+00 
43 603  4.457487307092382300e-02 0 0 1.696406e+00 -4.482272e+00 -2.806454e+00 2.080221e+00 -3.165628e+00 4.649250e-01 1.315746e-01 -9.795296e-01 -4.940457e+00 1.590602e+00 -5.385314e-02 3.435108e+00 6.841955e-01 -2.602298e+00 6.311257e-01 1.875109e+00 -2.744354e-01 1.904875e-01 -4.090255e-01 -2.064082e+00 -2.029570e+00 2.923183e-01 -1.231097e+00 -4.176360e-01 1.102957e+00 3.667188e+00 7.850408e-01 -2.159458e+00 -7.068212e+00 -7.028779e-01 1.159656e+00 3.286440e+00 
44 617  5.560857345837790000e-02 0 0 1.904227e+00 -4.673611e+00 -3.231552e+00 1.535290e+00 -3.741682e+00 1.101322e+00 8.761763e-01 -6.607288e-01 -4.960550e+00 1.436795e+00 -2.869137e-01 3.467042e+00 2.070017e-01 -2.687585e+00 -5.542856e-02 1.947114e+00 -7.559139e-01 5.069960e-01 -3.520463e-01 -1.035531e+00 -1.787996e+00 5.344802e-01 -7.409742e-01 3.291095e-01 1.056301e+00 3.837695e+00 -8.306320e-01 -3.855410e+00 -6.500865e+00 -8.719087e-01 1.703206e+00 3.430238e+00 
45 631  5.397939739360714500e-02 0 0 1.739729e+00 -3.987458e+00 -3.157940e+00 1.646223e+00 -3.134550e+00 9.315383e-01 1.094161e+00 -7.990376e-01 -4.856347e+00 1.275165e+00 -1.333096e-01 4.425459e+00 4.587683e-01 -1.899932e+00 1.031592e+00 2.206971e+00 -5.460157e-03 1.077464e+00 -4.364228e-01 -3.615874e-01 -2.466175e+00 -3.736447e-01 -1.023096e+00 -8.783983e-01 9.302611e-01 3.888792e+00 -7.707265e-01 -2.910331e+00 -6.176677e+00 -8.546544e-01 1.234846e+00 3.289096e+00 
46 645  5.106593252265651000e-02 0 0 2.045918e+00 -4.878212e+00 -2.454559e+00 6.552081e-01 -3.332137e+00 1.272832e+00 1.584661e+00 -9.511024e-01 -4.217251e+00 9.578917e-01 -3.874002e-01 4.140322e+00 1.328696e-01 -1.637992e+00 1.649120e+00 1.756187e+00 -1.238566e+00 4.053525e-01 3.952281e-01 -1.474933e+00 -1.473556e+00 -4.194389e-01 -5.237612e-01 -1.091602e+00 1.035923e+00 3.112102e+00 -2.889398e-01 -3.576718e+00 -6.447198e+00 -1.505652e+00 2.059993e+00 2.221953e+00 
47 659  5.626724593886053100e-02 0 0 2.394635e+00 -5.120872e+00 -3.099656e+00 2.295392e+00 -3.130818e+00 1.134035e+00 5.864074e-01 -5.285738e-01 -4.680044e+00 1.637848e+00 -6.780550e-01 3.597242e+00 -1.407524e-01 -2.294066e+00 7.876471e-01 1.592555e+00 -8.760632e-01 3.261619e-01 -4.816379e-01 -1.197533e+00 -2.203021e+00 -6.061703e-01 -1.032765e+00 -5.112406e-01 1.513152e+00 2.791873e+00 1.522386e-01 -2.994881e+00 -6.404721e+00 -1.356857e+00 1.411999e+00 3.318794e+00 
48 673  5.245252539529159100e-02 0 0 2.017192e+00 -4.467188e+00 -3.311998e+00 1.247312e+00 -3.230297e+00 1.529876e+00 1.433934e+00 1.764242e-02 -4.052846e+00 1.138565e+00 -1.126785e+00 3.941575e+00 5.812647e-01 -1.768036e+00 8.252874e-01 1.782058e+00 -1.328362e+00 4.773017e-01 -6.305937e-01 -5.569390e-01 -1.854377e+00 -5.041121e-01 -7.002191e-01 -5.254182e-01 7.349524e-01 3.540444e+00 3.042294e-02 -3.611525e+00 -6.187571e+00 -1.663284e+00 1.817024e+00 2.610565e+00 
49 687  7.259251766114746500e-02 0 0 1.129125e+00 -5.130768e+00 -2.030347e+00 1.471330e+00 -2.872437e+00 1.187192e+00 1.467613e+00 -2.019119e-01 -3.612335e+00 2.060459e+00 -1.359544e+00 3.580911e+00 6.664475e-01 -1.674359e+00 1.055498e+00 1.283372e+00 -1.604076e+00 3.901395e-01 -4.410609e-01 -1.541325e+00 -9.955963e-01 -9.421595e-01 -7.738398e-01 -3.035323e-01 -9.089940e-02 3.383116e+00 -3.087167e-02 -3.064158e+00 -5.685600e+00 -1.251930e+00 1.110580e+00 3.721483e+00 
50 701  5.339336504017418200e-02 0 0 1.476342e+00 -5.602997e+00 -2.755312e+00 1.320444e+00 -3.595047e+00 4.150019e-01 1.526405e+00 2.176598e-02 -4.182901e+00 1.080095e+00 -1.153165e+00 3.984307e+00 3.985036e-01 -2.690442e+00 8.087043e-01 2.274117e+00 -1.655508e+00 4.390446e-01 3.888799e-01 -4.250868e-01 -2.182835e+00 -7.031859e-01 -1.337434e+00 -8.729345e-01 2.616058e-01 3.272070e+00 7.155973e-02 -2.597543e+00 -5.841060e+00 -1.441504e+00 1.667294e+00 3.156077e+00 
51 715  5.340978814425369200e-02 0 0 2.259654e+00 -5.370014e+00 -2.888106e+00 1.284759e+00 -3.182341e+00 1.089793e+00 1.594118e+00 -3.095255e-01 -3.683789e+00 1.431630e+00 -7.332164e-01 4.590886e+00 4.883925e-01 -2.707464e+00 8.975154e-01 1.832727e+00 -7.593645e-01 1.625984e+00 -8.680238e-01 -1.130488e+00 -2.250439e+00 -3.628833e-01 -1.226306e+00 -1.789867e-01 5.574408e-01 2.873182e+00 -1.134703e+00 -2.847774e+00 -5.622694e+00 -1.340201e+00 8.601158e-01 3.054664e+00 
52 729  5.140406259369826500e-02 0 0 1.696184e+00 -4.978019e+00 -2.557159e+00 1.871169e+00 -3.060379e+00 5.897317e-01 1.891093e+00 -9.872585e-02 -3.345190e+00 1.459558e+00 -4.528702e-01 3.409472e+00 1.029714e+00 -2.306583e+00 5.426042e-01 1.881018e+00 -9.167347e-01 1.678074e+00 1.608980e-01 -3.044641e-02 -2.261446e+00 -3.969050e-01 -1.634580e+00 2.157185e-01 -1.481887e-01 3.580653e+00 -1.015884e+00 -2.749679e+00 -5.943236e+00 -7.420771e-01 1.134222e+00 2.397769e+00 
53 743  4.404096280392908600e-02 0 0 1.753128e+00 -4.623924e+00 -2.592947e+00 1.365438e+00 -3.357142e+00 8.140024e-01 7.833439e-01 -1.236288e-01 -4.155149e+00 1.204737e+00 -9.601651e-01 3.891728e+00 8.178657e-01 -2.083274e+00 7.843656e-01 2.467947e+00 -3.772890e-01 1.123338e+00 -5.094501e-01 -1.143930e+00 -2.156154e+00 -3.550920e-01 -1.015241e+00 -1.149518e-01 1.523389e-01 2.740294e+00 -9.751435e-01 -2.755403e+00 -6.307441e+00 -1.107838e+00 1.235625e+00 2.735851e+00 
54 757  5.001826415337236300e-02 0 0 2.533577e+00 -4.767964e+00 -2.720105e+00 1.937004e+00 -3.249653e+00 6.616793e-01 5.491957e-01 -8.939890e-01 -3.829203e+00 1.292341e+00 -1.064660e+00 4.181948e+00 9.330985e-01 -2.532862e+00 6.301138e-01 1.567375e+00 -2.404776e-01 8.788764e-01 5.712841e-02 -7.951165e-01 -2.139227e+00 -1.179366e+00 -1.920451e+00 -3.727070e-01 -3.286719e-01 2.149016e+00 -1.011104e+00 -2.663620e+00 -6.571561e+00 -1.233706e+00 9.101571e-01 2.347606e+00 
55 771  4.529818047537839000e-02 0 0 2.038327e+00 -4.951957e+00 -3.152997e+00 1.853673e+00 -3.424530e+00 5.326332e-01 1.143709e+00 -1.467455e-01 -4.372210e+00 1.781168e+00 -1.264019e+00 4.185987e+00 9.292079e-01 -1.891690e+00 6.709378e-01 2.249916e+00 4.382748e-01 -1.397254e-01 -9.211135e-02 -3.958142e-01 -2.488040e+00 -1.019456e+00 -2.262866e+00 3.085550e-01 2.085321e-01 2.745969e+00 -5.688719e-01 -3.065631e+00 -5.720558e+00 -1.001427e+00 9.824453e-01 2.221223e+00 
56 785  5.328384240666551900e-02 0 0 1.354621e+00 -4.431018e+00 -3.093900e+00 1.595571e+00 -3.164108e+00 2.847080e-01 1.343456e+00 -6.781181e-01 -3.363039e+00 1.424601e+00 -1.073078e+00 4.125705e+00 1.843130e+00 -3.001856e+00 6.413519e-01 1.744518e+00 -3.565145e-01 3.165237e-01 -7.194438e-01 -9.235405e-01 -3.214358e+00 -2.623807e-01 -1.722136e+00 1.105117e+00 -4.547193e-01 2.498275e+00 -5.202425e-01 -3.254571e+00 -6.113751e+00 -9.051612e-01 9.936742e-01 2.276697e+00 
57 799  4.394060217606036300e-02 0 0 1.954627e+00 -4.512695e+00 -2.973764e+00 1.122402e+00 -3.297739e+00 1.005275e+00 9.273784e-01 -4.479810e-01 -2.918200e+00 1.594071e+00 -9.904680e-01 3.923747e+00 1.185843e+00 -2.609810e+00 6.853166e-01 1.618060e+00 1.265809e-02 5.018304e-01 -3.758941e-01 -5.737820e-01 -2.133477e+00 -1.255958e+00 -1.232275e+00 4.634955e-01 4.840817e-01 2.754489e+00 -9.562142e-01 -3.374067e+00 -6.678572e+00 -7.034653e-01 1.424563e+00 2.089573e+00 
58 813  3.962535415669583100e-02 0 0 2.472866e+00 -4.269321e+00 -2.966065e+00 8.069362e-01 -3.507132e+00 4.191700e-01 2.859956e-01 -1.212069e+00 -3.973980e+00 1.846168e+00 -6.636556e-01 4.140197e+00 2.732363e-01 -2.905089e+00 9.569414e-01 1.248686e+00 -7.197972e-01 1.096973e+00 -3.528215e-01 -7.539941e-01 -3.039351e+00 -1.095141e+00 -1.694986e+00 1.071521e+00 3.041956e-01 3.310745e+00 -8.925243e-01 -3.135685e+00 -6.819822e+00 -3.156916e-01 1.392010e+00 2.243594e+00 
59 827  4.376764531544666300e-02 0 0 2.192004e+00 -4.606909e+00 -2.799233e+00 1.509042e+00 -3.150481e+00 9.383699e-01 6.288346e-01 -4.203561e-01 -3.542843e+00 1.680255e+00 -1.531579e+00 3.855626e+00 1.200867e+00 -2.461564e+00 1.222083e-01 2.120516e+00 9.102118e-02 4.567574e-01 -2.890294e-01 -4.882304e-01 -3.742164e+00 -9.463996e-01 -1.663366e+00 3.365568e-01 9.410994e-02 3.220124e+00 -2.896862e-01 -3.085174e+00 -7.132705e+00 -2.727799e-01 1.107860e+00 1.908541e+00 
60 841  4.427796626821935800e-02 0 0 2.251994e+00 -4.374194e+00 -2.808208e+00 1.358689e+00 -3.794075e+00 8.671372e-01 4.228966e-01 -1.430566e+00 -3.734810e+00 1.864350e+00 -2.085414e+00 4.381846e+00 7.550410e-01 -2.407800e+00 2.192133e-01 2.142289e+00 -7.869232e-01 9.561965e-01 -4.315190e-02 -8.255092e-01 -3.264710e+00 -1.285130e+00 -1.249316e+00 4.572102e-01 4.022034e-01 2.937807e+00 -2.939175e-01 -3.551973e+00 -7.329623e+00 -3.926968e-01 1.988438e+00 1.732812e+00 
61 855  4.380666093768478800e-02 0 0 3.025984e+00 -4.588917e+00 -3.421852e+00 1.326383e+00 -3.430501e+00 1.407274e+00 7.247023e-01 -9.573255e-01 -3.719010e+00 1.524578e+00 -1.309105e+00 4.127529e+00 1.249377e+00 -2.929300e+00 1.950363e-02 1.431418e+00 -6.671865e-01 5.128507e-01 -5.816211e-01 -9.714698e-01 -2.637381e+00 -3.664383e-01 -1.751943e+00 5.181261e-01 6.355437e-01 2.950482e+00 -7.926446e-01 -3.642490e+00 -7.139344e+00 -7.157517e-01 1.381714e+00 2.250434e+00 
62 869  4.485366733438336100e-02 0 0 2.867469e+00 -4.267077e+00 -2.983816e+00 1.424086e+00 -4.217579e+00 1.103603e+00 7.223684e-01 -7.042871e-01 -3.372797e+00 1.883774e+00 -1.058622e+00 4.379266e+00 8.570014e-01 -2.922386e+00 -3.444697e-02 1.429228e+00 -1.642175e-01 6.661121e-01 -4.399781e-01 -9.741570e-01 -3.501739e+00 -7.985219e-01 -1.811782e+00 2.574901e-01 4.213507e-01 3.235589e+00 -6.225815e-01 -3.521684e+00 -6.878392e+00 -1.258210e+00 1.083538e+00 2.064846e+00 
63 883  4.335404456536638700e-02 0 0 3.005888e+00 -4.968424e+00 -3.254183e+00 1.646884e+00 -4.043681e+00 8.312407e-01 2.904001e-01 -1.062330e+00 -3.748084e+00 2.152161e+00 -1.804545e+00 4.750931e+00 7.924558e-01 -3.198162e+00 3.235124e-01 1.677828e+00 4.243871e-01 6.176733e-01 -7.028869e-01 -6.907586e-01 -3.763715e+00 -9.810798e-01 -1.873344e+00 7.583836e-01 -8.273913e-02 2.788416e+00 -3.155734e-01 -3.219241e+00 -6.983528e+00 -5.989956e-01 1.092620e+00 1.744398e+00 
64 897  4.384499014371288900e-02 0 0 3.238111e+00 -5.170860e+00 -2.941690e+00 1.808554e+00 -4.566751e+00 8.296195e-01 1.571573e-01 -9.906196e-01 -3.264579e+00 2.043327e+00 -1.698787e+00 3.959422e+00 1.335645e+00 -3.120431e+00 9.269136e-01 1.092374e+00 -2.435448e-01 5.842775e-01 -8.597850e-02 -2.913631e-01 -3.635328e+00 -5.692727e-01 -2.055252e+00 6.346573e-01 -4.359984e-01 3.193715e+00 -4.435491e-01 -3.659366e+00 -7.210511e+00 -8.264755e-01 1.290085e+00 1.906365e+00 
65 911  4.596917338523008600e-02 0 0 3.252300e+00 -4.249880e+00 -3.215387e+00 1.800532e+00 -4.158721e+00 8.939909e-01 -1.187215e-01 -4.757247e-01 -3.164373e+00 2.344144e+00 -1.887304e+00 4.449834e+00 1.537610e+00 -2.928565e+00 -8.170349e-02 1.808146e+00 5.783997e-01 3.747200e-01 -2.951422e-01 2.387805e-01 -4.199471e+00 -5.438490e-01 -1.955963e+00 7.332800e-01 -4.428544e-01 2.878495e+00 8.469089e-02 -2.853883e+00 -6.997195e+00 -6.881379e-01 1.439714e+00 2.164882e+00 
66 925  4.954056064001134700e-02 0 0 2.663207e+00 -4.226547e+00 -2.902963e+00 2.273387e+00 -3.944109e+00 1.094730e+00 1.756924e-01 -1.057791e+00 -3.751627e+00 2.597907e+00 -1.590609e+00 4.260254e+00 1.473010e+00 -3.191480e+00 1.561145e-01 1.329355e+00 2.604798e-01 -1.054305e-01 -5.157255e-01 -5.185981e-01 -3.726338e+00 -1.260444e+00 -1.334167e+00 8.412464e-01 -3.848463e-01 2.981384e+00 -3.007334e-01 -3.225135e+00 -6.139270e+00 -1.067159e+00 1.803477e+00 2.038541e+00 
67 939  4.281008423899251200e-02 0 0 3.896348e+00 -4.704285e+00 -2.260992e+00 1.577792e+00 -4.522595e+00 3.068892e-01 -2.943749e-02 -9.766414e-01 -3.620267e+00 2.093674e+00 -2.065095e+00 3.871460e+00 9.099587e-01 -3.726509e+00 3.166817e-01 1.951750e+00 4.568844e-01 1.945899e-01 2.656503e-01 -4.689112e-01 -4.276554e+00 -1.820444e+00 -1.620228e+00 4.048051e-01 -2.389319e-02 3.304254e+00 6.109230e-03 -3.917851e+00 -6.308668e+00 -1.091370e+00 1.436766e+00 2.408651e+00 
68 953  3.200184430298685200e-02 0 0 3.102936e+00 -3.746790e+00 -2.101605e+00 9.695809e-01 -3.806709e+00 4.194154e-01 6.299995e-01 -1.027347e-01 -3.567562e+00 2.663049e+00 -2.731606e+00 3.981547e+00 1.493372e+00 -3.130234e+00 1.541154e-01 1.145702e+00 2.675253e-01 3.951597e-01 -1.165382e-02 -4.924119e-01 -4.124886e+00 -1.797247e+00 -1.740612e+00 8.538824e-01 1.011995e-01 3.191397e+00 3.140788e-01 -3.911648e+00 -5.877089e+00 -1.061952e+00 8.435141e-01 1.984903e+00 
69 967  5.491934081091753800e-02 0 0 2.731473e+00 -4.223436e+00 -2.292895e+00 1.764677e+00 -3.669078e+00 1.304165e+00 1.530076e-01 -2.948755e-01 -3.288264e+00 1.736365e+00 -1.620845e+00 4.417837e+00 2.046057e+00 -3.371565e+00 2.464691e-01 7.715896e-01 -1.261555e-01 8.965329e-01 3.393230e-01 -5.114637e-01 -3.416668e+00 -1.976786e+00 -1.540337e+00 5.494298e-01 -4.215160e-01 3.332798e+00 -2.032019e-01 -3.560524e+00 -6.035252e+00 -1.006592e+00 1.155527e+00 2.532908e+00 
70 981  4.467301907004840600e-02 0 0 2.938858e+00 -4.076703e+00 -2.973917e+00 1.484348e+00 -4.121417e+00 1.443323e+00 5.953949e-02 -2.094310e-01 -3.097051e+00 1.799408e+00 -1.066530e+00 3.443812e+00 8.117490e-01 -2.793467e+00 3.607170e-02 1.201253e+00 2.395252e-01 8.404031e-01 -1.416232e-01 -2.870131e-01 -3.390648e+00 -1.956477e+00 -1.745738e+00 8.686617e-01 -4.993373e-01 3.128922e+00 -6.366462e-01 -3.270703e+00 -5.646322e+00 -1.092524e+00 1.397140e+00 2.502402e+00 
71 995  4.646441426948828800e-02 0 0 2.720935e+00 -4.043857e+00 -2.624536e+00 1.809704e+00 -3.921124e+00 1.232057e+00 -3.671852e-01 -4.138216e-02 -2.859838e+00 1.355339e+00 -1.800441e+00 3.787721e+00 1.343220e+00 -2.796106e+00 8.216627e-01 1.459994e+00 -4.388100e-01 3.728741e-01 3.266431e-01 -2.797848e-01 -3.194033e+00 -1.820433e+00 -2.022746e+00 4.849428e-01 3.112977e-01 2.928816e+00 -4.801001e-01 -3.794355e+00 -6.247245e+00 -1.477494e+00 1.658202e+00 2.000569e+00 
72 1009  3.790290423346805200e-02 0 0 2.504067e+00 -4.306638e+00 -2.883059e+00 1.175394e+00 -4.113400e+00 1.884867e+00 3.702830e-01 -8.459283e-02 -3.614156e+00 1.307988e+00 -1.194917e+00 4.068034e+00 1.264945e+00 -2.942615e+00 8.733567e-01 1.142627e+00 -3.620892e-01 8.706830e-01 1.628212e-01 -1.506859e-01 -3.002201e+00 -1.492105e+00 -1.896940e+00 8.482489e-01 3.232170e-02 3.579754e+00 -4.168047e-01 -3.099388e+00 -5.967161e+00 -1.857055e+00 1.816046e+00 2.117700e+00 
73 1023  4.397396474849381300e-02 0 0 2.020087e+00 -3.410346e+00 -2.760755e+00 1.322011e+00 -3.741426e+00 2.011258e+00 9.244344e-01 5.766377e-02 -3.058159e+00 6.937346e-01 -1.173662e+00 3.797149e+00 1.181611e+00 -2.539005e+00 4.675784e-01 1.397073e+00 -5.297047e-03 1.047005e+00 -2.976189e-01 -5.393106e-01 -2.596299e+00 -1.410045e+00 -1.147029e+00 5.155447e-01 -2.506295e-01 3.421940e+00 -5.485842e-01 -2.415589e+00 -5.578111e+00 -1.991211e+00 1.460511e+00 2.376024e+00 
74 1037  4.401754034916757800e-02 0 0 2.157401e+00 -3.171280e+00 -2.594085e+00 1.387362e+00 -3.520127e+00 1.502141e+00 4.247060e-01 2.418115e-01 -3.088028e+00 1.623658e+00 -1.106986e+00 4.235583e+00 1.731702e+00 -2.982285e+00 8.072509e-01 1.377489e+00 5.767732e-02 6.094093e-01 2.278316e-01 -7.856293e-01 -3.542244e+00 -1.930386e+00 -1.269252e+00 1.096111e+00 -7.000389e-01 3.130688e+00 -1.338049e-01 -2.568840e+00 -5.228449e+00 -1.887624e+00 1.621649e+00 2.188070e+00 
75 1051  4.406688475755223000e-02 0 0 1.691391e+00 -3.519250e+00 -2.637458e+00 1.362877e+00 -3.794195e+00 1.301934e+00 1.113520e-01 -6.227777e-01 -3.219264e+00 6.569420e-01 -7.720121e-01 3.243325e+00 1.704962e+00 -2.485379e+00 5.081613e-01 1.960377e+00 -2.696375e-01 6.360464e-01 8.931873e-02 -4.956586e-01 -3.087724e+00 -1.787393e+00 -1.427943e+00 4.611308e-01 -1.053666e-01 3.514263e+00 -4.932094e-01 -2.654132e+00 -5.369294e+00 -2.265217e+00 1.494965e+00 1.684848e+00 
76 1065  4.548454707333705200e-02 0 0 1.572942e+00 -3.883339e+00 -2.283222e+00 1.404186e+00 -4.047310e+00 1.663574e+00 -1.015373e-01 -5.205006e-01 -2.622327e+00 1.191457e+00 -1.450098e+00 3.354149e+00 1.763912e+00 -2.614436e+00 -8.167257e-02 2.126889e+00 -1.445099e-02 5.410328e-01 -2.433766e-01 -3.679040e-01 -3.445819e+00 -1.571125e+00 -1.137675e+00 8.427821e-01 -6.552883e-01 3.439097e+00 -1.633205e-01 -3.058247e+00 -5.565371e+00 -2.228946e+00 1.476035e+00 2.280148e+00 
77 1079  2.893392778997848700e-02 0 0 1.762378e+00 -3.417984e+00 -1.798222e+00 1.422615e+00 -3.597378e+00 2.021831e+00 1.668153e-02 1.740543e-01 -3.097846e+00 7.141735e-01 -1.036849e+00 3.839504e+00 1.707815e+00 -2.322201e+00 8.546905e-01 1.328316e+00 -4.193975e-01 8.028132e-01 -3.214629e-01 6.059897e-01 -2.600583e+00 -1.859077e+00 -1.133347e+00 7.337983e-01 -3.464779e-01 3.513031e+00 -5.911745e-01 -3.447253e+00 -5.288032e+00 -3.105120e+00 1.175664e+00 2.110772e+00 
78 1093  4.361658498767151400e-02 0 0 2.154425e+00 -3.822059e+00 -2.198864e+00 1.316198e+00 -4.474428e+00 1.579490e+00 1.081340e-01 -5.353519e-01 -2.415869e+00 1.264835e+00 -1.373725e+00 4.010207e+00 1.800268e+00 -2.948425e+00 5.440187e-01 1.436800e+00 -1.761569e-02 5.298781e-01 1.369287e-01 3.813086e-01 -3.085610e+00 -1.583738e+00 -1.329742e+00 4.528784e-01 -5.551858e-01 2.891214e+00 -8.627076e-01 -3.128455e+00 -5.795233e+00 -1.946747e+00 1.622139e+00 2.433281e+00 
79 1107  5.141569652586889400e-02 0 0 2.088420e+00 -3.590214e+00 -2.135556e+00 1.563569e+00 -4.351125e+00 1.326464e+00 -4.393846e-01 -3.620105e-01 -3.252742e+00 1.567105e-01 -1.548574e+00 3.666267e+00 2.373527e+00 -2.611836e+00 6.212273e-01 1.160581e+00 2.163258e-01 7.697127e-01 -1.256105e-01 -6.006522e-01 -2.694831e+00 -1.727157e+00 -1.369531e+00 7.207624e-01 -7.699583e-01 3.515720e+00 -5.902153e-01 -2.574883e+00 -6.215595e+00 -2.116842e+00 1.084776e+00 2.426064e+00 
80 1121  4.581009222477749900e-02 0 0 1.923771e+00 -4.201253e+00 -2.203928e+00 1.295322e+00 -4.160733e+00 1.322683e+00 3.582438e-02 -2.474951e-01 -3.004406e+00 5.733985e-01 -1.355615e+00 3.821072e+00 1.774196e+00 -2.965530e+00 1.174365e+00 1.262396e+00 -2.258038e-01 8.655127e-01 3.472064e-01 -5.690244e-01 -3.414868e+00 -9.893969e-01 -1.129610e+00 4.118766e-01 -5.916369e-01 2.962056e+00 -7.637619e-01 -2.951992e+00 -5.317876e+00 -2.178805e+00 1.824928e+00 2.217058e+00 
81 1135  4.292826338937264000e-02 0 0 2.119403e+00 -3.235067e+00 -2.077394e+00 1.232321e+00 -4.001469e+00 1.185307e+00 1.872976e-01 -7.301269e-02 -3.099022e+00 6.041193e-01 -1.019573e+00 3.573646e+00 2.046120e+00 -2.964101e+00 6.705717e-01 1.696831e+00 -4.270460e-02 5.003309e-01 -2.130311e-01 7.242612e-02 -3.029448e+00 -1.903950e+00 -7.896562e-01 7.485542e-01 -6.750733e-01 3.805621e+00 -8.289645e-01 -2.395081e+00 -6.226529e+00 -2.103465e+00 1.389600e+00 2.299609e+00 
82 1149  4.516787591749325100e-02 0 0 2.460060e+00 -3.454181e+00 -1.699981e+00 1.532079e+00 -4.400377e+00 1.563501e+00 4.543108e-01 -7.223378e-01 -3.008546e+00 4.510085e-01 -1.002073e+00 3.478681e+00 1.966480e+00 -3.182240e+00 7.977973e-01 1.728471e+00 1.576512e-01 9.097893e-01 5.232229e-01 -5.166604e-01 -3.536687e+00 -1.523118e+00 -1.069043e+00 6.599492e-02 -2.955856e-01 2.925121e+00 -7.341820e-01 -2.809812e+00 -6.323173e+00 -2.113971e+00 1.236565e+00 1.868229e+00 
83 1163  4.046961278944451900e-02 0 0 2.649885e+00 -3.744448e+00 -1.983234e+00 1.542158e+00 -4.019231e+00 9.764215e-01 1.851997e-01 -8.290745e-01 -3.180541e+00 4.461453e-01 -1.168291e+00 3.563264e+00 2.208132e+00 -3.571797e+00 8.002762e-01 1.614991e+00 5.423834e-01 6.335134e-01 9.152243e-02 -7.929321e-02 -3.766367e+00 -1.531688e+00 -1.022745e+00 1.193029e+00 -5.001561e-01 3.609215e+00 -9.656668e-01 -2.939749e+00 -6.679199e+00 -2.329280e+00 1.534773e+00 2.206337e+00 
84 1177  3.466463426887390900e-02 0 0 2.732303e+00 -3.664477e+00 -1.699727e+00 1.385066e+00 -3.596633e+00 1.313324e+00 3.311098e-01 -4.461301e-01 -2.931153e+00 4.637764e-01 -7.836768e-01 3.702805e+00 2.099109e+00 -3.301805e+00 -1.336315e-03 1.763747e+00 3.178781e-01 1.158037e+00 -2.109221e-01 -2.942127e-01 -3.520190e+00 -1.079067e+00 -8.340623e-01 1.042780e+00 -7.723004e-01 3.366966e+00 -7.819654e-01 -2.539792e+00 -6.380913e+00 -2.177232e+00 1.233834e+00 1.580300e+00 
85 1191  2.943785148360627100e-02 0 0 2.528099e+00 -3.982250e+00 -1.816831e+00 1.530431e+00 -3.672254e+00 1.521734e+00 2.893032e-01 -4.601791e-01 -3.053249e+00 3.740666e-01 -7.229269e-01 3.688439e+00 1.817823e+00 -3.634658e+00 9.165458e-02 1.268600e+00 2.247694e-01 1.427117e+00 5.392373e-02 6.596233e-02 -3.302066e+00 -1.143050e+00 -1.119139e+00 9.149950e-01 -7.111922e-01 3.173414e+00 -1.254181e+00 -2.523922e+00 -6.095529e+00 -1.842917e+00 1.213949e+00 1.198942e+00 
86 1205  2.404124922993156400e-02 0 0 2.269866e+00 -3.691206e+00 -1.513892e+00 1.531103e+00 -3.942627e+00 1.686158e+00 4.322230e-01 -4.904306e-01 -2.987630e+00 6.311565e-03 -1.043897e+00 2.898843e+00 2.312201e+00 -3.487534e+00 1.197153e-01 1.534012e+00 6.666206e-01 9.373124e-01 -1.407892e-01 3.762131e-02 -3.603659e+00 -1.423535e+00 -9.159023e-01 1.025108e+00 -6.569102e-01 3.374476e+00 -8.550247e-01 -2.515660e+00 -6.118157e+00 -2.262345e+00 1.205682e+00 1.491828e+00 
87 1219  1.573126797112418800e-02 0 0 2.680059e+00 -3.910813e+00 -1.983282e+00 1.105938e+00 -3.957361e+00 1.468476e+00 5.956163e-02 -8.601333e-02 -2.877622e+00 2.548042e-01 -1.327605e+00 3.278519e+00 2.002497e+00 -3.167815e+00 4.708487e-01 1.980642e+00 9.571223e-01 1.126006e+00 -5.140449e-02 -1.826390e-01 -3.164949e+00 -1.683056e+00 -1.291057e+00 1.705702e+00 -9.041762e-01 3.059250e+00 -6.605280e-01 -2.303247e+00 -6.079043e+00 -2.168420e+00 1.411256e+00 2.010184e+00 
88 1233  1.789514184263696700e-02 0 0 2.432109e+00 -3.476486e+00 -1.659154e+00 1.164859e+00 -3.794250e+00 2.228221e+00 3.699198e-01 -8.111683e-02 -2.773251e+00 -5.344221e-02 -1.276903e+00 3.656728e+00 1.933553e+00 -3.338797e+00 3.418050e-01 1.566147e+00 8.666835e-01 1.686100e+00 -1.769465e-01 -4.684426e-02 -3.132841e+00 -1.519495e+00 -7.591758e-01 1.528168e+00 -5.166782e-01 2.909240e+00 -7.596523e-01 -2.149176e+00 -5.933992e+00 -2.342716e+00 1.349082e+00 1.706470e+00 
89 1247  2.321626740676168600e-02 0 0 2.573311e+00 -4.123119e+00 -1.489071e+00 1.339638e+00 -3.571782e+00 1.405232e+00 2.684192e-01 1.721262e-02 -3.662012e+00 -1.309956e-01 -9.233172e-01 3.183222e+00 2.122992e+00 -3.176618e+00 5.434399e-01 1.546213e+00 3.650823e-01 9.980605e-01 -4.375514e-01 -1.157863e-01 -3.473633e+00 -1.326379e+00 -8.931819e-01 1.213048e+00 -1.687538e-01 3.309586e+00 -1.129747e+00 -2.477240e+00 -6.067739e+00 -2.101939e+00 1.693263e+00 1.855956e+00 
90 1261  2.223980026715195700e-02 0 0 2.478835e+00 -3.719538e+00 -1.650831e+00 1.037837e+00 -3.794987e+00 1.778987e+00 -1.225415e-01 -8.830595e-02 -3.970766e+00 -5.888537e-01 -6.712362e-01 2.958518e+00 2.095542e+00 -3.116781e+00 3.514663e-01 1.805990e+00 5.400043e-01 9.148433e-01 2.498521e-02 -1.022817e-01 -3.234235e+00 -1.006898e+00 -1.145279e+00 1.281284e+00 -2.226533e-01 3.177532e+00 -1.249630e+00 -2.488243e+00 -6.653300e+00 -2.023323e+00 1.273658e+00 2.018948e+00 
91 1275  6.464252986168131700e-03 0 0 2.034086e+00 -3.839133e+00 -1.204933e+00 1.225234e+00 -4.081027e+00 2.160086e+00 7.033971e-02 -1.415751e-01 -3.537923e+00 -3.065773e-01 -1.230871e+00 2.766611e+00 1.485382e+00 -3.332973e+00 3.170048e-01 1.897290e+00 8.343241e-01 1.364865e+00 1.603574e-02 2.329367e-01 -3.371382e+00 -1.224659e+00 -7.741340e-01 1.726998e+00 -7.289782e-01 3.388924e+00 -1.085539e+00 -2.055937e+00 -6.220671e+00 -2.275837e+00 1.435788e+00 1.819075e+00 
92 1289  9.636997131263740800e-03 0 0 2.745916e+00 -4.172676e+00 -1.448020e+00 1.187921e+00 -4.297139e+00 1.865690e+00 -6.202404e-02 -2.458944e-01 -3.583847e+00 -4.230760e-01 -1.205781e+00 3.065092e+00 1.792604e+00 -3.555523e+00 3.747805e-01 2.206843e+00 5.497057e-01 1.554168e+00 -1.400298e-01 2.542710e-02 -3.170503e+00 -1.325669e+00 -1.082982e+00 1.326810e+00 -4.343812e-01 3.406389e+00 -1.063036e+00 -2.786785e+00 -6.309038e+00 -2.204885e+00 1.417676e+00 1.910619e+00 
93 1303  1.820308918962467200e-02 0 0 2.359150e+00 -3.904697e+00 -1.524826e+00 8.880504e-01 -3.762488e+00 2.214472e+00 3.794529e-01 -5.367085e-02 -2.992812e+00 -3.930817e-01 -1.135366e+00 2.792691e+00 1.884749e+00 -2.824721e+00 3.532624e-01 1.372373e+00 6.257974e-01 1.204906e+00 3.554625e-01 1.523206e-01 -2.311025e+00 -1.540969e+00 -1.256089e+00 1.178710e+00 -6.610170e-01 3.474026e+00 -1.230882e+00 -1.912038e+00 -6.456506e+00 -2.567831e+00 1.473442e+00 2.069836e+00 
94 1317  1.283810007246704600e-02 0 0 2.140518e+00 -3.672441e+00 -1.837560e+00 7.764258e-01 -3.859339e+00 2.104106e+00 7.496787e-01 2.822006e-01 -3.106833e+00 -1.638050e-01 -1.340745e+00 2.844158e+00 1.760678e+00 -3.241145e+00 3.880153e-01 1.713732e+00 3.609063e-01 1.193235e+00 -1.728325e-02 4.881410e-01 -2.509326e+00 -1.081524e+00 -9.574342e-01 1.162034e+00 -3.586581e-01 2.885226e+00 -1.103197e+00 -2.334392e+00 -6.241204e+00 -2.432040e+00 1.101429e+00 1.786926e+00 
95 1331  6.294825805001914500e-03 0 0 2.612188e+00 -3.862431e+00 -1.697818e+00 9.255033e-01 -3.722510e+00 1.857735e+00 1.144431e-01 -2.314969e-01 -3.213820e+00 -9.455143e-01 -1.154220e+00 2.662221e+00 2.607901e+00 -3.303374e+00 6.543136e-01 1.649312e+00 3.044549e-01 1.629425e+00 2.089639e-01 3.888921e-01 -2.411506e+00 -1.557223e+00 -1.271690e+00 1.473870e+00 -1.447103e-01 3.125054e+00 -1.426540e+00 -2.628902e+00 -6.008968e+00 -2.534781e+00 1.152635e+00 1.801457e+00 
96 1345  1.358134436871684900e-02 0 0 2.360252e+00 -4.067388e+00 -1.412595e+00 1.169240e+00 -3.905643e+00 2.118031e+00 4.197196e-01 3.075762e-01 -2.893866e+00 -8.144845e-01 -1.269169e+00 2.539968e+00 2.333502e+00 -3.335142e+00 5.108246e-01 2.096263e+00 8.551415e-01 1.123154e+00 -1.941150e-01 1.989279e-01 -2.652526e+00 -1.541526e+00 -1.274588e+00 1.246043e+00 -5.292948e-01 2.860485e+00 -1.226888e+00 -2.761239e+00 -5.669294e+00 -2.295028e+00 9.663648e-01 2.162209e+00 
97 1359  1.827526815719663500e-02 0 0 2.740322e+00 -3.955128e+00 -1.805364e+00 1.268127e+00 -4.386403e+00 1.782583e+00 7.491576e-02 1.857846e-01 -3.148132e+00 -4.067673e-01 -1.347972e+00 3.171943e+00 2.429005e+00 -3.259439e+00 9.910847e-01 1.961556e+00 5.284539e-01 1.628567e+00 -2.146177e-01 4.245064e-01 -2.710597e+00 -1.150083e+00 -1.268855e+00 1.299927e+00 -3.885892e-01 3.033869e+00 -9.905626e-01 -2.428006e+00 -6.048624e+00 -2.341531e+00 1.169060e+00 1.993338e+00 
98 1373  1.395439461214481100e-02 0 0 2.944167e+00 -4.354129e+00 -1.249201e+00 1.026215e+00 -3.869119e+00 1.865008e+00 1.315438e-01 -2.214471e-01 -3.434807e+00 -4.165300e-01 -1.152282e+00 2.462894e+00 2.593941e+00 -3.319592e+00 4.802399e-01 1.488973e+00 1.123980e+00 1.287603e+00 1.909626e-01 6.461251e-01 -2.396629e+00 -1.448532e+00 -8.892189e-01 1.043491e+00 -4.617359e-01 3.106553e+00 -9.756192e-01 -2.138028e+00 -5.879415e+00 -2.036498e+00 1.034107e+00 1.614126e+00 
99 1387  2.124092243443492100e-02 0 0 2.788979e+00 -4.334451e+00 -1.554871e+00 1.492722e+00 -3.889577e+00 1.475629e+00 -1.316462e-01 -6.036569e-01 -3.217884e+00 -1.362771e-01 -1.434848e+00 3.403545e+00 1.834151e+00 -3.534890e+00 3.676720e-01 2.013301e+00 7.049375e-01 1.606895e+00 -1.852052e-02 4.656826e-01 -2.953998e+00 -1.458481e+00 -1.459544e+00 1.239248e+00 -2.318513e-01 3.080097e+00 -6.176614e-01 -2.671738e+00 -5.712603e+00 -2.675170e+00 1.237610e+00 2.083282e+00 
100 1401  1.713838684828168000e-02 0 0 2.805657e+00 -4.488658e+00 -1.657919e+00 9.286319e-01 -4.152766e+00 1.491452e+00 -5.480851e-02 -2.725638e-01 -3.567847e+00 -5.237369e-01 -1.274498e+00 3.325254e+00 2.293996e+00 -3.585464e+00 8.827381e-01 1.725579e+00 1.064360e+00 1.236484e+00 2.810601e-02 2.964311e-01 -2.269514e+00 -1.382180e+00 -1.317257e+00 9.423384e-01 1.403833e-01 2.947216e+00 -9.104623e-01 -2.756164e+00 -5.551247e+00 -2.731134e+00 1.106011e+00 1.905299e+00 
101 1415  1.175425311241769600e-02 0 0 2.961443e+00 -4.746601e+00 -1.539120e+00 8.640629e-01 -3.881577e+00 1.654832e+00 1.079068e-01 -5.917519e-01 -3.531757e+00 8.492364e-02 -1.202813e+00 3.315461e+00 2.022286e+00 -3.540672e+00 4.518349e-01 1.843722e+00 6.569539e-01 1.086331e+00 4.957145e-02 3.058765e-01 -2.799570e+00 -1.086988e+00 -1.341511e+00 1.135781e+00 5.765345e-02 3.340788e+00 -8.448068e-01 -2.646340e+00 -6.245698e+00 -2.254798e+00 1.000831e+00 2.101621e+00 
102 1429  1.510875499475395100e-02 0 0 2.487796e+00 -3.830986e+00 -1.660026e+00 9.805327e-01 -3.867520e+00 1.537821e+00 3.861403e-01 -9.394912e-02 -3.254292e+00 -2.239422e-01 -1.092997e+00 3.378474e+00 1.779496e+00 -3.316553e+00 2.657737e-01 1.637010e+00 5.542212e-01 1.375525e+00 -9.009760e-02 6.156581e-01 -2.720259e+00 -1.648643e+00 -1.348658e+00 8.234003e-01 -2.823220e-01 3.586212e+00 -8.486648e-01 -2.614221e+00 -5.779041e+00 -2.226028e+00 1.192605e+00 2.110433e+00 
103 1443  1.190700285898300600e-02 0 0 2.532181e+00 -4.369371e+00 -1.446399e+00 1.059065e+00 -3.896157e+00 1.918926e+00 -1.240583e-01 -1.524423e-03 -3.447113e+00 -2.651195e-01 -1.212834e+00 3.494993e+00 2.041252e+00 -3.167732e+00 5.148470e-01 1.938572e+00 6.307493e-01 1.146322e+00 2.727786e-01 3.104046e-01 -2.682202e+00 -1.739871e+00 -1.554743e+00 1.302739e+00 4.850719e-02 3.407798e+00 -6.289529e-01 -2.249971e+00 -5.667253e+00 -2.622770e+00 9.030339e-01 1.949254e+00 
104 1457  1.607258854163240800e-02 0 0 2.493035e+00 -3.604442e+00 -1.623038e+00 1.178035e+00 -3.735028e+00 1.872000e+00 1.992160e-01 -3.345523e-01 -3.311688e+00 -1.784257e-01 -1.061024e+00 3.148997e+00 1.948781e+00 -2.966030e+00 7.927279e-01 1.386269e+00 8.421280e-01 1.497393e+00 1.157658e-01 4.245549e-01 -2.690511e+00 -1.657214e+00 -1.508562e+00 1.043298e+00 -3.269837e-01 3.253870e+00 -8.754360e-01 -2.222514e+00 -5.625150e+00 -2.273294e+00 8.319835e-01 1.738966e+00 
105 1471  1.108151453447818100e-02 0 0 2.679396e+00 -3.798968e+00 -1.582918e+00 9.948216e-01 -4.075743e+00 2.132967e+00 2.912848e-02 -7.272260e-02 -2.845556e+00 -1.063224e-01 -1.064437e+00 3.308984e+00 2.033092e+00 -3.399999e+00 4.639748e-01 1.593104e+00 1.155183e+00 1.193864e+00 -5.114565e-02 3.761832e-01 -2.437693e+00 -1.618945e+00 -1.297959e+00 1.448579e+00 -4.067110e-01 3.196390e+00 -6.199134e-01 -2.398703e+00 -5.650494e+00 -2.554844e+00 7.260817e-01 1.772605e+00 
106 1485  1.150357174104600800e-02 0 0 2.913150e+00 -3.916184e+00 -1.658266e+00 1.045111e+00 -3.908686e+00 2.006124e+00 3.978766e-01 6.933162e-02 -3.086793e+00 9.681310e-02 -1.225039e+00 3.176658e+00 1.797926e+00 -3.349395e+00 4.259053e-01 1.747618e+00 9.849502e-01 1.543450e+00 1.694151e-01 4.053228e-01 -2.417782e+00 -1.470461e+00 -1.255147e+00 1.546933e+00 -2.720428e-01 3.293992e+00 -8.715788e-01 -2.230599e+00 -5.587826e+00 -2.616171e+00 1.096004e+00 1.956695e+00 
107 1499  1.180992662439812500e-02 0 0 2.970406e+00 -4.005136e+00 -1.582688e+00 7.379766e-01 -4.379035e+00 1.722903e+00 1.318083e-01 5.711653e-02 -3.124180e+00 -3.244055e-02 -1.346747e+00 3.411007e+00 2.234121e+00 -2.937880e+00 8.014424e-01 2.026770e+00 9.193795e-01 1.588718e+00 -4.264715e-02 3.190884e-01 -2.910791e+00 -1.410228e+00 -1.270298e+00 1.335861e+00 -3.363109e-01 3.188984e+00 -6.717414e-01 -2.412827e+00 -6.008149e+00 -2.330518e+00 8.036853e-01 1.803048e+00 
108 1513  5.720688348396709700e-03 0 0 2.940309e+00 -4.620888e+00 -1.577614e+00 1.085458e+00 -4.317906e+00 1.730184e+00 -1.367802e-02 -2.292303e-01 -3.374237e+00 1.021732e-01 -1.402539e+00 3.307123e+00 1.947910e+00 -3.361730e+00 7.333100e-01 1.934013e+00 8.304180e-01 1.645855e+00 -5.178234e-02 1.746345e-02 -2.895667e+00 -1.257409e+00 -1.382388e+00 1.621222e+00 3.096062e-01 3.202586e+00 -5.302853e-01 -2.154974e+00 -6.299910e+00 -2.537846e+00 8.496372e-01 1.925666e+00 
109 1527  1.511093799236160600e-02 0 0 2.760100e+00 -4.476403e+00 -1.607879e+00 8.203572e-01 -3.998957e+00 1.835940e+00 1.464882e-01 -2.163629e-02 -3.253768e+00 -1.161461e-01 -1.355856e+00 3.570239e+00 2.248305e+00 -3.361477e+00 1.076040e+00 1.987738e+00 1.060059e+00 1.735613e+00 -2.362141e-02 4.825282e-01 -2.478665e+00 -1.523592e+00 -1.157558e+00 1.629833e+00 -2.987209e-01 3.422208e+00 -7.305606e-01 -2.108102e+00 -5.961620e+00 -2.768205e+00 8.840680e-01 1.889931e+00 
110 1541  1.052784577642691900e-02 0 0 2.349927e+00 -4.400560e+00 -1.718385e+00 1.060725e+00 -4.335545e+00 1.761490e+00 3.777485e-01 -7.756563e-02 -3.282300e+00 3.595929e-01 -9.520289e-01 3.363184e+00 1.720684e+00 -3.233910e+00 6.473133e-01 2.198165e+00 9.651258e-01 1.636247e+00 3.414439e-02 4.685316e-01 -2.233823e+00 -1.174077e+00 -1.206856e+00 1.334837e+00 -8.988338e-02 3.139559e+00 -7.179259e-01 -1.790694e+00 -5.771787e+00 -2.594523e+00 8.857497e-01 1.782223e+00 
111 1555  6.373650845730232200e-03 0 0 2.442359e+00 -4.386049e+00 -1.530314e+00 1.123430e+00 -4.132036e+00 1.722065e+00 3.212834e-01 1.806633e-03 -3.343616e+00 2.578077e-01 -1.220997e+00 3.604058e+00 2.016166e+00 -3.045288e+00 7.642943e-01 2.102360e+00 9.234206e-01 1.575460e+00 3.980396e-02 3.585844e-01 -2.311843e+00 -1.080945e+00 -1.260016e+00 1.675752e+00 -1.833332e-01 3.279099e+00 -5.935788e-01 -2.003866e+00 -5.771058e+00 -2.586893e+00 8.540350e-01 1.834527e+00 
112 1569  4.548622185757819300e-03 0 0 2.511350e+00 -4.426867e+00 -1.492723e+00 1.087709e+00 -4.007128e+00 1.644997e+00 1.796619e-01 -1.214026e-01 -3.421378e+00 4.470780e-01 -1.160658e+00 3.514618e+00 1.667600e+00 -3.247634e+00 5.541116e-01 1.774617e+00 1.072515e+00 1.566785e+00 7.222001e-02 1.596251e-01 -2.548764e+00 -9.871184e-01 -1.307941e+00 1.637018e+00 -2.801116e-01 3.267943e+00 -3.131431e-01 -1.828707e+00 -5.539036e+00 -2.948245e+00 8.596132e-01 1.801729e+00 
113 1583  4.408998121357704200e-03 0 0 2.363829e+00 -4.447758e+00 -1.552474e+00 1.028050e+00 -4.310062e+00 1.531243e+00 1.595976e-01 -2.225291e-01 -3.305360e+00 3.622929e-01 -1.014680e+00 3.980640e+00 1.867897e+00 -3.282147e+00 6.105201e-01 1.749116e+00 1.124426e+00 1.639565e+00 2.733907e-01 2.495114e-01 -2.439352e+00 -9.453629e-01 -1.401103e+00 1.486110e+00 -1.763587e-01 3.095532e+00 -6.079711e-01 -1.634816e+00 -5.875391e+00 -2.735988e+00 1.062882e+00 1.866926e+00 
114 1597  1.496358712409317500e-03 0 0 2.288089e+00 -4.457265e+00 -1.493097e+00 1.086874e+00 -4.002862e+00 1.630391e+00 1.913167e-01 1.394806e-01 -3.389040e+00 -1.161802e-01 -8.081657e-01 3.588596e+00 1.855700e+00 -3.132289e+00 5.931653e-01 2.091213e+00 1.356108e+00 1.536563e+00 2.781570e-02 2.122636e-01 -2.219620e+00 -8.353771e-01 -1.227608e+00 1.721203e+00 6.564363e-02 3.318028e+00 -7.898488e-01 -1.808468e+00 -5.697883e+00 -2.785521e+00 9.647863e-01 1.649699e+00 
115 1611  3.417760997083619400e-03 0 0 1.935268e+00 -4.614635e+00 -1.625753e+00 8.047791e-01 -3.833746e+00 1.392641e+00 6.181291e-02 1.913584e-01 -3.399409e+00 -4.271694e-02 -9.945963e-01 3.824966e+00 1.766281e+00 -3.015606e+00 3.557874e-01 1.973367e+00 1.129141e+00 1.451349e+00 8.575427e-02 7.665184e-02 -2.255813e+00 -9.346445e-01 -1.346847e+00 1.416744e+00 -9.429488e-02 3.478304e+00 -6.071363e-01 -1.653486e+00 -5.350240e+00 -2.849035e+00 9.121351e-01 1.595200e+00 
116 1625  4.315537147148900200e-03 0 0 2.454290e+00 -4.573261e+00 -1.681023e+00 8.622769e-01 -3.867532e+00 1.518132e+00 -7.100261e-02 1.507910e-01 -3.175657e+00 -2.482469e-02 -8.542898e-01 3.844652e+00 1.719470e+00 -3.209507e+00 4.158849e-01 1.850223e+00 1.259067e+00 1.447372e+00 2.305841e-01 4.988282e-01 -2.750573e+00 -9.871778e-01 -1.559052e+00 1.669609e+00 8.565889e-02 3.176130e+00 -8.176651e-01 -2.018620e+00 -5.453992e+00 -2.646474e+00 7.228033e-01 1.790847e+00 
117 1639  5.433288387373331900e-03 0 0 2.315298e+00 -4.665787e+00 -1.763335e+00 7.958120e-01 -3.784606e+00 1.317587e+00 1.313181e-01 1.572717e-01 -3.389543e+00 2.933796e-02 -7.329748e-01 3.800176e+00 1.680591e+00 -3.130573e+00 4.456836e-01 1.787591e+00 1.236437e+00 1.155605e+00 1.734940e-01 4.805164e-01 -2.480288e+00 -9.815431e-01 -1.386345e+00 1.620102e+00 5.364053e-02 3.410731e+00 -7.892486e-01 -1.964488e+00 -5.273409e+00 -2.996445e+00 9.332907e-01 1.719836e+00 
118 1653  1.522783450857819000e-03 0 0 2.292873e+00 -4.415151e+00 -1.706176e+00 8.254301e-01 -3.954911e+00 1.376566e+00 -9.024192e-02 9.954524e-02 -3.433213e+00 2.009288e-02 -9.434076e-01 3.922975e+00 1.773164e+00 -3.269604e+00 3.769304e-01 1.902042e+00 1.194823e+00 9.764016e-01 -8.661346e-02 -4.877670e-02 -2.665249e+00 -1.142123e+00 -1.336298e+00 1.545430e+00 -2.761450e-01 3.569022e+00 -8.568630e-01 -2.078887e+00 -5.207014e+00 -2.808953e+00 1.205497e+00 1.740675e+00 
119 1667  3.423078748217804500e-03 0 0 2.342996e+00 -4.725784e+00 -1.810015e+00 8.687883e-01 -4.017535e+00 1.512101e+00 7.872345e-03 3.159247e-01 -3.389876e+00 1.347231e-02 -9.198171e-01 4.035457e+00 1.448700e+00 -3.245336e+00 4.232513e-01 1.770979e+00 9.314261e-01 1.350372e+00 5.402005e-02 1.790056e-01 -2.630904e+00 -1.248338e+00 -1.277277e+00 1.790139e+00 9.223450e-02 3.812233e+00 -8.862517e-01 -2.134501e+00 -5.227963e+00 -2.666192e+00 1.257471e+00 1.960260e+00 
120 1681  3.713304015416871100e-03 0 0 2.663812e+00 -4.452852e+00 -1.827339e+00 1.009999e+00 -3.801580e+00 1.668761e+00 -8.622921e-02 2.162130e-01 -3.675751e+00 6.755316e-02 -1.098221e+00 3.786785e+00 1.839132e+00 -3.398092e+00 2.709524e-01 1.835598e+00 8.149857e-01 1.137427e+00 -3.062322e-02 3.070427e-02 -2.629600e+00 -1.339416e+00 -1.576927e+00 1.570027e+00 2.852254e-03 3.043293e+00 -1.058876e+00 -2.334472e+00 -5.344226e+00 -2.730762e+00 1.219219e+00 1.840136e+00 
121 1695  4.896701511591097400e-03 0 0 2.468072e+00 -4.344678e+00 -2.054847e+00 7.776587e-01 -3.506777e+00 1.556441e+00 9.251055e-02 2.358105e-01 -3.603012e+00 -2.278906e-01 -1.068844e+00 3.545017e+00 1.515289e+00 -3.417351e+00 2.037662e-01 1.801664e+00 8.346563e-01 1.240334e+00 2.404649e-02 1.397344e-01 -2.863054e+00 -1.121228e+00 -1.524938e+00 1.857172e+00 -1.323575e-01 3.123187e+00 -1.193849e+00 -2.263902e+00 -5.328801e+00 -2.503374e+00 1.086132e+00 1.873965e+00 
122 1709  5.215764250934907700e-03 0 0 2.839019e+00 -4.665730e+00 -2.107449e+00 7.105820e-01 -3.797482e+00 1.323453e+00 8.346257e-02 1.464309e-01 -3.428604e+00 1.111784e-01 -9.642162e-01 3.455848e+00 1.637987e+00 -3.490967e+00 2.649869e-01 1.753734e+00 8.645474e-01 1.086777e+00 -2.191186e-01 -6.867984e-02 -2.687610e+00 -1.165871e+00 -1.469048e+00 1.547023e+00 2.118711e-01 3.283323e+00 -1.163044e+00 -2.216906e+00 -5.293614e+00 -2.518587e+00 1.217757e+00 1.761823e+00 
123 1723  2.439280668153437400e-03 0 0 2.639373e+00 -4.357012e+00 -1.918757e+00 7.086819e-01 -3.659583e+00 1.388127e+00 -6.932324e-02 2.878732e-01 -3.581354e+00 3.831679e-01 -9.927041e-01 3.693228e+00 1.539311e+00 -3.353768e+00 4.907648e-02 1.808418e+00 8.606167e-01 1.183183e+00 -6.030783e-02 1.027325e-01 -2.708558e+00 -9.312107e-01 -1.286133e+00 1.871114e+00 3.073003e-01 3.306159e+00 -1.131870e+00 -2.254036e+00 -5.386656e+00 -2.615244e+00 1.279507e+00 1.680100e+00 
124 1737  5.759560350185122600e-03 0 0 2.456767e+00 -4.254644e+00 -2.115295e+00 5.934284e-01 -3.725521e+00 1.810058e+00 -1.098481e-01 3.340416e-01 -3.621445e+00 -1.659148e-01 -1.004082e+00 3.785400e+00 1.505026e+00 -3.354620e+00 2.372509e-01 1.830630e+00 1.071884e+00 9.646257e-01 -6.524426e-02 1.287272e-01 -2.858513e+00 -8.827640e-01 -1.173477e+00 1.819553e+00 -1.313535e-02 3.326192e+00 -1.216172e+00 -2.097736e+00 -5.409799e+00 -2.608538e+00 1.422452e+00 1.833208e+00 
125 1751  3.502407850822173000e-03 0 0 2.415776e+00 -4.401360e+00 -1.935160e+00 9.131516e-01 -4.011926e+00 1.573808e+00 8.696770e-03 6.292876e-01 -3.313588e+00 6.035710e-02 -1.169942e+00 3.372388e+00 1.575435e+00 -3.492723e+00 1.207983e-01 1.714962e+00 8.471942e-01 1.061390e+00 5.176307e-02 3.147816e-01 -2.624507e+00 -1.122258e+00 -1.292107e+00 1.904448e+00 -2.031211e-01 3.456967e+00 -1.294361e+00 -2.295530e+00 -5.441827e+00 -2.672599e+00 1.475566e+00 1.893512e+00 
126 1765  3.397297500301146100e-03 0 0 2.517030e+00 -4.655496e+00 -1.900647e+00 7.770782e-01 -3.771904e+00 1.254863e+00 -1.900195e-01 2.008479e-01 -3.656793e+00 1.155182e-01 -1.060210e+00 3.546883e+00 1.544561e+00 -3.635320e+00 3.081843e-01 1.898175e+00 9.505966e-01 1.214978e+00 -1.495887e-01 3.378297e-03 -2.906740e+00 -6.922797e-01 -1.434577e+00 1.597184e+00 -5.668627e-02 3.178589e+00 -1.199254e+00 -2.367375e+00 -5.530363e+00 -2.472701e+00 1.495186e+00 1.934341e+00 
127 1779  2.339612449669020800e-03 0 0 2.598642e+00 -4.684235e+00 -1.961284e+00 7.737207e-01 -3.652666e+00 1.296632e+00 3.754923e-02 4.206347e-01 -3.379251e+00 1.539348e-01 -1.270307e+00 3.516622e+00 1.576084e+00 -3.539140e+00 2.501388e-01 1.803363e+00 9.431562e-01 1.063714e+00 -2.389149e-01 -6.044543e-02 -2.604400e+00 -1.010724e+00 -1.415860e+00 1.755155e+00 -1.839736e-01 3.255312e+00 -1.293296e+00 -2.096784e+00 -5.726767e+00 -2.461128e+00 1.519113e+00 1.791187e+00 
128 1793  3.011863762540369000e-03 0 0 2.349755e+00 -4.535404e+00 -1.763977e+00 9.640960e-01 -3.867894e+00 1.384504e+00 2.723889e-01 3.600534e-01 -3.459984e+00 2.119018e-01 -1.011914e+00 3.587892e+00 1.935456e+00 -3.649909e+00 2.973143e-01 1.827235e+00 1.042693e+00 1.113919e+00 -2.137641e-01 6.664015e-02 -2.825433e+00 -1.022260e+00 -1.258481e+00 1.883886e+00 -7.423390e-02 3.062177e+00 -1.667817e+00 -2.033166e+00 -5.269812e+00 -2.731545e+00 1.420223e+00 1.487805e+00 
129 1807  2.976536473225603800e-03 0 0 2.237058e+00 -4.588464e+00 -2.032882e+00 9.516238e-01 -3.701060e+00 1.380056e+00 -1.573893e-01 3.141397e-01 -3.539022e+00 3.596535e-01 -1.288129e+00 3.725014e+00 1.669928e+00 -3.507660e+00 3.096076e-01 1.644024e+00 1.049612e+00 1.141911e+00 -6.252022e-02 -5.088029e-02 -2.687204e+00 -1.033356e+00 -1.467114e+00 1.806106e+00 -1.835846e-01 3.436315e+00 -1.484507e+00 -2.190746e+00 -5.486640e+00 -2.826643e+00 1.563489e+00 1.786664e+00 
130 1821  2.066879237278718100e-03 0 0 2.475207e+00 -4.754718e+00 -2.057757e+00 9.246859e-01 -3.866531e+00 1.214353e+00 -3.786342e-02 1.297888e-01 -3.682743e+00 4.180571e-01 -8.024620e-01 3.779818e+00 1.680845e+00 -3.698668e+00 -1.224411e-01 1.754814e+00 1.028036e+00 1.020051e+00 -1.398551e-01 -7.701583e-02 -3.045447e+00 -9.765408e-01 -1.352143e+00 1.848282e+00 -1.270728e-01 3.226557e+00 -1.938183e+00 -2.176398e+00 -5.452372e+00 -2.407079e+00 1.719452e+00 1.566914e+00 
131 1835  2.902405185190901100e-03 0 0 2.641558e+00 -4.736971e+00 -1.822479e+00 7.941811e-01 -4.068396e+00 1.159573e+00 6.177390e-03 8.627065e-02 -3.888260e+00 8.705051e-01 -1.127893e+00 3.860633e+00 1.377902e+00 -3.660493e+00 5.451970e-02 1.491195e+00 9.827800e-01 1.298233e+00 -2.855179e-02 -3.036862e-02 -3.161057e+00 -1.037195e+00 -1.266322e+00 1.735069e+00 4.592328e-02 3.510138e+00 -1.576136e+00 -2.370989e+00 -5.559119e+00 -2.537731e+00 1.647043e+00 2.005751e+00 
132 1849  1.982442794475174100e-03 0 0 2.635063e+00 -4.883721e+00 -1.927629e+00 7.839520e-01 -3.831898e+00 1.321003e+00 -5.988410e-02 1.942959e-01 -3.844017e+00 5.623178e-01 -9.063032e-01 3.670485e+00 1.452062e+00 -3.755721e+00 -3.426855e-02 1.691990e+00 6.904289e-01 1.079646e+00 -1.688328e-01 -9.824396e-03 -3.090583e+00 -1.112790e+00 -1.598429e+00 1.494247e+00 -1.172722e-01 3.443558e+00 -1.590012e+00 -2.377602e+00 -5.538148e+00 -2.384245e+00 1.714267e+00 2.160139e+00 
133 1863  2.955074102587591000e-03 0 0 2.630602e+00 -4.652237e+00 -1.875471e+00 9.163880e-01 -4.068859e+00 1.320877e+00 -1.903253e-01 3.605201e-01 -3.744148e+00 5.005321e-01 -9.404186e-01 3.878794e+00 1.649330e+00 -3.791989e+00 2.061114e-01 1.873451e+00 8.999179e-01 1.181695e+00 -1.185413e-01 2.187232e-01 -3.122326e+00 -8.251759e-01 -1.325110e+00 1.843324e+00 2.593440e-01 3.360255e+00 -1.667932e+00 -2.106462e+00 -5.760534e+00 -2.718322e+00 1.744456e+00 1.881085e+00 
134 1877  3.567670576914453500e-03 0 0 2.664512e+00 -4.674329e+00 -2.045229e+00 7.626761e-01 -3.986799e+00 1.363548e+00 -9.773858e-02 1.668501e-02 -3.902095e+00 5.178037e-01 -8.209992e-01 3.795931e+00 1.472936e+00 -3.548906e+00 -1.813729e-01 1.544516e+00 1.074773e+00 1.088282e+00 -2.296141e-01 4.361044e-02 -2.880163e+00 -7.933843e-01 -1.607807e+00 1.624557e+00 3.947490e-01 3.589297e+00 -1.464536e+00 -2.063902e+00 -5.689453e+00 -2.896023e+00 1.719584e+00 1.952422e+00 
135 1891  1.620594358963576000e-03 0 0 2.483099e+00 -4.871798e+00 -2.053270e+00 9.668491e-01 -3.826929e+00 1.399534e+00 -5.427041e-02 8.177703e-02 -4.009459e+00 2.297708e-01 -9.150562e-01 3.746605e+00 1.693555e+00 -3.735961e+00 8.847121e-03 1.665036e+00 8.477263e-01 1.165137e+00 3.368476e-02 1.119158e-01 -2.881361e+00 -6.980952e-01 -1.732335e+00 1.698608e+00 4.637315e-01 3.921594e+00 -1.333027e+00 -2.249032e+00 -5.938968e+00 -2.623277e+00 1.540995e+00 2.123900e+00 
136 1905  1.081898976284502900e-03 0 0 2.646054e+00 -4.789996e+00 -1.827819e+00 8.963371e-01 -3.968246e+00 1.225524e+00 1.029236e-01 1.897618e-01 -4.069238e+00 3.583227e-01 -8.696705e-01 3.611664e+00 1.627203e+00 -3.814610e+00 -5.335761e-02 1.427425e+00 7.300417e-01 1.157234e+00 5.923411e-02 2.175976e-01 -2.725178e+00 -8.346412e-01 -1.730144e+00 1.349576e+00 3.477016e-01 3.725496e+00 -1.487686e+00 -2.106388e+00 -5.818235e+00 -2.648803e+00 1.551889e+00 1.730481e+00 
137 1919  1.953814624174033100e-03 0 0 2.347934e+00 -5.023109e+00 -1.826471e+00 8.816644e-01 -3.672952e+00 1.325023e+00 1.234271e-01 3.047856e-01 -3.928344e+00 1.894684e-01 -6.297438e-01 3.804329e+00 1.583741e+00 -4.061078e+00 3.292910e-02 1.680577e+00 7.154528e-01 1.313674e+00 1.564828e-01 1.371565e-01 -2.913588e+00 -8.770138e-01 -1.736293e+00 1.552136e+00 4.393609e-01 3.656684e+00 -1.521679e+00 -2.214040e+00 -5.661612e+00 -2.801790e+00 1.478399e+00 1.657059e+00 
138 1933  9.323949112126390000e-04 0 0 2.582726e+00 -4.750445e+00 -2.011481e+00 8.205763e-01 -3.716165e+00 1.397068e+00 1.560859e-01 2.013769e-01 -4.077266e+00 1.963569e-01 -8.378300e-01 3.789202e+00 1.595149e+00 -3.687589e+00 -1.668876e-01 1.558185e+00 6.700944e-01 1.387570e+00 -9.356851e-02 5.495244e-03 -3.054823e+00 -9.385521e-01 -1.575892e+00 1.608522e+00 1.852985e-01 3.867727e+00 -1.177082e+00 -2.213160e+00 -6.026891e+00 -2.292697e+00 1.531151e+00 1.995900e+00 
