%  columns="iteration, evaluation, sigma, axis ratio, bestever, best, median, worst fitness function value, further objective values of best" (startseed=208486, 2016/06/18 20:18:6.86)
1 15 1.878329e-01 1.030893e+00  9.297131899145455500e-01  9.297131899145455500e-01  1.292517641965250200e+00  1.374114760440783500e+00
2 29 1.808131e-01 1.043687e+00  8.561881934520048100e-01  8.561881934520048100e-01  1.199020934272956100e+00  1.297662121522571700e+00
3 43 1.761421e-01 1.057611e+00  6.241287415314243900e-01  6.241287415314243900e-01  8.983765067795209700e-01  1.228951153298123400e+00
4 57 1.802276e-01 1.090069e+00  3.919065680104455400e-01  3.919065680104455400e-01  7.486670145737595000e-01  1.053557633432020700e+00
5 71 1.869363e-01 1.126016e+00  3.558595304132113900e-01  3.558595304132113900e-01  4.330504961207779500e-01  7.732076234298057600e-01
6 85 1.891640e-01 1.151330e+00  3.464017215794169500e-01  3.464017215794169500e-01  3.716094433255092700e-01  5.518001239419364500e-01
7 99 1.903520e-01 1.175061e+00  3.464017215794169500e-01  3.482710077664204500e-01  3.736334807809426600e-01  6.757819785354900500e-01
8 113 1.956877e-01 1.204997e+00  3.315163976366868300e-01  3.315163976366868300e-01  3.631873675342034400e-01  5.210402613973457200e-01
9 127 1.983706e-01 1.228887e+00  3.315163976366868300e-01  3.363103288425361400e-01  3.704377497137867300e-01  7.767348011099126600e-01
10 141 2.027367e-01 1.255062e+00  3.220317709020919000e-01  3.220317709020919000e-01  3.561344471507456600e-01  5.634276963089568400e-01
11 155 2.106968e-01 1.287895e+00  2.960083796047873200e-01  2.960083796047873200e-01  3.584749232540953000e-01  8.861143102470098200e-01
12 169 2.179400e-01 1.312120e+00  2.794028717502026200e-01  2.794028717502026200e-01  3.333670776029424300e-01  3.958288867930067100e-01
13 183 2.233344e-01 1.335076e+00  2.656094012906774500e-01  2.656094012906774500e-01  3.386010794922936800e-01  3.946061777313562000e-01
14 197 2.294758e-01 1.357531e+00  2.414967230317363300e-01  2.414967230317363300e-01  3.213939651827664200e-01  4.767982444930724000e-01
15 211 2.397015e-01 1.394600e+00  2.131277631242561600e-01  2.131277631242561600e-01  3.053139963207861000e-01  5.112269145081597100e-01
16 225 2.511307e-01 1.423894e+00  2.131277631242561600e-01  2.138601397236913900e-01  2.615049431353672600e-01  5.952063284603175100e-01
17 239 2.563073e-01 1.446988e+00  2.131277631242561600e-01  2.217125443612261700e-01  3.874523638827434000e-01  7.778458783804926800e-01
18 253 2.618961e-01 1.469299e+00  1.994108247818672000e-01  1.994108247818672000e-01  2.402705452411680300e-01  4.379396195371955700e-01
19 267 2.679877e-01 1.490262e+00  1.822950009909737900e-01  1.822950009909737900e-01  2.484691902670675400e-01  6.569986729942035600e-01
20 281 2.697924e-01 1.507169e+00  1.822950009909737900e-01  1.843646953997682400e-01  2.591716248172464300e-01  1.178062918768819400e+00
21 295 2.805479e-01 1.545285e+00  1.409639653118006700e-01  1.409639653118006700e-01  2.169374154585955200e-01  5.858109169632205200e-01
22 309 2.913392e-01 1.576356e+00  1.392006343633071000e-01  1.392006343633071000e-01  1.634205497254652400e-01  2.312060443234707400e+00
23 323 3.027380e-01 1.595675e+00  8.402586877072729100e-02  8.402586877072729100e-02  1.459848628923606500e-01  4.624553368094577700e-01
24 337 3.127490e-01 1.609138e+00  8.402586877072729100e-02  8.929965059152991700e-02  1.347243252268559600e-01  3.261103038236135000e-01
25 351 3.188259e-01 1.623460e+00  7.819373409623589500e-02  7.819373409623589500e-02  1.322879812902327300e-01  1.292563929368462800e+00
26 365 3.308387e-01 1.644248e+00  7.819373409623589500e-02  7.936662580367023800e-02  1.092569356789142000e-01  2.220930218927298900e-01
27 379 3.421397e-01 1.655116e+00  7.819373409623589500e-02  7.941628670008066300e-02  1.027620425096996300e-01  4.262180763593631500e-01
28 393 3.510135e-01 1.667869e+00  6.375045548170896200e-02  6.375045548170896200e-02  1.349390242806920400e-01  3.189281522650097000e-01
29 407 3.541026e-01 1.680183e+00  6.375045548170896200e-02  7.664449351727972700e-02  1.152937014926803400e-01  2.549066324908228500e-01
30 421 3.589939e-01 1.687263e+00  5.559956510600638800e-02  5.559956510600638800e-02  8.697342933514078100e-02  1.745270143093313500e-01
31 435 3.711559e-01 1.697425e+00  5.541613732879235900e-02  5.541613732879235900e-02  1.492361055545907100e-01  2.518383065614238600e-01
32 449 3.775235e-01 1.709921e+00  5.541613732879235900e-02  5.858465542229044500e-02  1.007716781721414900e-01  2.793460187135986000e-01
33 463 3.764398e-01 1.717632e+00  5.541613732879235900e-02  5.778508711649336200e-02  1.027165987638387300e-01  9.084896538792763800e-01
34 477 3.769008e-01 1.726174e+00  5.541613732879235900e-02  5.660995512373877300e-02  1.033512934422639300e-01  2.368836391002505100e-01
35 491 3.799226e-01 1.734071e+00  5.541613732879235900e-02  5.924938353336926800e-02  1.054902615471056700e-01  2.020065849805237100e-01
36 505 3.790927e-01 1.747298e+00  5.541613732879235900e-02  6.570170069656876300e-02  1.180802348083454500e-01  1.710924013078101800e+00
37 519 3.801619e-01 1.752697e+00  5.260611146265901200e-02  5.260611146265901200e-02  1.102988031054773500e-01  2.430861744832990600e-01
38 533 3.794252e-01 1.756886e+00  5.104022793799158100e-02  5.104022793799158100e-02  9.498830170228972400e-02  1.939721829615590200e-01
39 547 3.829418e-01 1.775344e+00  4.815739171030779300e-02  4.815739171030779300e-02  8.836039740474166400e-02  3.044666417097471300e-01
40 561 3.946999e-01 1.783119e+00  4.815739171030779300e-02  5.383417470828039100e-02  8.740530939892374200e-02  2.933046890356752500e-01
41 575 4.131122e-01 1.794815e+00  4.815739171030779300e-02  5.781007657115801200e-02  8.880923893911867000e-02  3.216969963518608900e-01
42 589 4.372409e-01 1.806970e+00  4.792598703174969600e-02  4.792598703174969600e-02  6.415998588990695600e-02  2.327159927709658300e-01
43 603 4.607763e-01 1.840177e+00  4.457487307092382300e-02  4.457487307092382300e-02  7.321325068454875900e-02  7.935652717229081400e-01
44 617 4.829810e-01 1.853654e+00  4.457487307092382300e-02  5.560857345837790000e-02  1.322025531305146600e-01  4.383626292966261700e-01
45 631 4.918222e-01 1.865825e+00  4.457487307092382300e-02  5.397939739360714500e-02  1.072163892094689400e-01  7.104883512191787500e-01
46 645 4.898661e-01 1.874456e+00  4.457487307092382300e-02  5.106593252265651000e-02  8.823577953570074800e-02  3.437306631944380700e-01
47 659 4.841441e-01 1.884425e+00  4.457487307092382300e-02  5.626724593886053100e-02  1.002537386082259500e-01  5.972913760635716300e-01
48 673 4.696971e-01 1.891507e+00  4.457487307092382300e-02  5.245252539529159100e-02  1.198735361012657800e-01  5.113707422424820200e-01
49 687 4.509739e-01 1.897413e+00  4.457487307092382300e-02  7.259251766114746500e-02  1.760830311280664200e-01  4.884192938382086500e-01
50 701 4.358655e-01 1.900855e+00  4.457487307092382300e-02  5.339336504017418200e-02  1.865587037828904100e-01  5.851555833345184500e-01
51 715 4.227752e-01 1.902203e+00  4.457487307092382300e-02  5.340978814425369200e-02  9.217749871432873200e-02  2.823894979102283800e-01
52 729 4.161088e-01 1.905138e+00  4.457487307092382300e-02  5.140406259369826500e-02  9.079375173478372600e-02  5.012428745885790800e-01
53 743 4.044954e-01 1.904453e+00  4.404096280392908600e-02  4.404096280392908600e-02  1.376020193873432900e-01  3.114251624784271100e-01
54 757 4.038263e-01 1.903766e+00  4.404096280392908600e-02  5.001826415337236300e-02  7.252583852990826500e-02  2.633094391953196300e-01
55 771 4.019374e-01 1.906010e+00  4.404096280392908600e-02  4.529818047537839000e-02  5.544101907107966400e-02  3.856495345752818900e-01
56 785 4.006083e-01 1.908858e+00  4.404096280392908600e-02  5.328384240666551900e-02  9.409770215541085600e-02  5.024929199943318800e-01
57 799 3.969518e-01 1.905335e+00  4.394060217606036300e-02  4.394060217606036300e-02  8.710523628877495100e-02  2.033956667023046900e-01
58 813 3.933316e-01 1.908041e+00  3.962535415669583100e-02  3.962535415669583100e-02  9.508086224678305400e-02  3.202157670239638700e-01
59 827 3.899534e-01 1.917198e+00  3.962535415669583100e-02  4.376764531544666300e-02  8.564123047160085400e-02  2.035186128263272700e-01
60 841 3.840085e-01 1.924137e+00  3.962535415669583100e-02  4.427796626821935800e-02  6.141114353496274200e-02  2.718785029155237900e-01
61 855 3.743186e-01 1.924868e+00  3.962535415669583100e-02  4.380666093768478800e-02  6.610418610357254900e-02  3.926553160588522900e-01
62 869 3.630613e-01 1.928784e+00  3.962535415669583100e-02  4.485366733438336100e-02  1.008823948435039900e-01  6.815649166026943600e-01
63 883 3.587395e-01 1.937108e+00  3.962535415669583100e-02  4.335404456536638700e-02  5.899630779579330400e-02  2.327729224232442900e-01
64 897 3.556923e-01 1.947435e+00  3.962535415669583100e-02  4.384499014371288900e-02  7.002466859771125400e-02  6.355436724282000900e-01
65 911 3.546018e-01 1.959138e+00  3.962535415669583100e-02  4.596917338523008600e-02  1.043015863980698800e-01  2.859076494581046000e-01
66 925 3.544986e-01 1.978661e+00  3.962535415669583100e-02  4.954056064001134700e-02  8.799689691872644700e-02  3.075365066155810200e-01
67 939 3.604728e-01 1.986010e+00  3.962535415669583100e-02  4.281008423899251200e-02  8.976186926435597600e-02  2.267896882994137600e-01
68 953 3.664037e-01 1.989517e+00  3.200184430298685200e-02  3.200184430298685200e-02  7.980104344745901600e-02  7.662298420585846900e-01
69 967 3.663914e-01 1.988720e+00  3.200184430298685200e-02  5.491934081091753800e-02  1.487878709753222000e-01  3.573587984511658000e-01
70 981 3.588836e-01 1.990314e+00  3.200184430298685200e-02  4.467301907004840600e-02  8.417126629097171400e-02  2.258265608873285000e-01
71 995 3.533472e-01 1.991204e+00  3.200184430298685200e-02  4.646441426948828800e-02  9.225816934911726400e-02  4.775266871524987400e-01
72 1009 3.477739e-01 1.988152e+00  3.200184430298685200e-02  3.790290423346805200e-02  6.363407000990771400e-02  2.672411170326048900e-01
73 1023 3.475546e-01 2.002294e+00  3.200184430298685200e-02  4.397396474849381300e-02  6.750212434185504100e-02  2.755471535932799700e-01
74 1037 3.446925e-01 2.005368e+00  3.200184430298685200e-02  4.401754034916757800e-02  7.513838126698993400e-02  3.287376187850317200e-01
75 1051 3.386539e-01 2.006950e+00  3.200184430298685200e-02  4.406688475755223000e-02  7.025038915634976300e-02  2.124692133894581200e-01
76 1065 3.398306e-01 2.006889e+00  3.200184430298685200e-02  4.548454707333705200e-02  7.231147321791928100e-02  1.267135165094524500e-01
77 1079 3.450858e-01 2.014714e+00  2.893392778997848700e-02  2.893392778997848700e-02  4.789115329516492600e-02  2.355271247230297200e-01
78 1093 3.346116e-01 2.017806e+00  2.893392778997848700e-02  4.361658498767151400e-02  6.392574404817474900e-02  1.166554139128848300e+00
79 1107 3.280318e-01 2.020297e+00  2.893392778997848700e-02  5.141569652586889400e-02  9.807397264543063500e-02  1.194385595724604800e+00
80 1121 3.200898e-01 2.019503e+00  2.893392778997848700e-02  4.581009222477749900e-02  8.136970327593756600e-02  3.632951682056447300e-01
81 1135 3.129861e-01 2.020129e+00  2.893392778997848700e-02  4.292826338937264000e-02  8.074022176233887300e-02  1.798476635529200300e-01
82 1149 3.071411e-01 2.021541e+00  2.893392778997848700e-02  4.516787591749325100e-02  6.184839207622101100e-02  1.291810108251423800e-01
83 1163 2.962036e-01 2.022105e+00  2.893392778997848700e-02  4.046961278944451900e-02  5.432658155771609400e-02  1.092477034954025000e-01
84 1177 2.868111e-01 2.019597e+00  2.893392778997848700e-02  3.466463426887390900e-02  5.033568384117763400e-02  2.194648558084333300e-01
85 1191 2.809182e-01 2.022347e+00  2.893392778997848700e-02  2.943785148360627100e-02  4.990995228171387500e-02  1.724423404701927700e-01
86 1205 2.722048e-01 2.022739e+00  2.404124922993156400e-02  2.404124922993156400e-02  4.319075014626239100e-02  1.634968241573927200e-01
87 1219 2.672542e-01 2.017738e+00  1.573126797112418800e-02  1.573126797112418800e-02  5.424763800213315600e-02  5.937425643584184300e-01
88 1233 2.637013e-01 2.019555e+00  1.573126797112418800e-02  1.789514184263696700e-02  5.300674478608619100e-02  4.843203126303642400e-01
89 1247 2.606648e-01 2.019715e+00  1.573126797112418800e-02  2.321626740676168600e-02  6.111462531741140800e-02  4.064267589902880200e-01
90 1261 2.597048e-01 2.021252e+00  1.573126797112418800e-02  2.223980026715195700e-02  4.208058830828545500e-02  4.192349558619855600e-01
91 1275 2.561595e-01 2.023192e+00  6.464252986168131700e-03  6.464252986168131700e-03  1.565340730025414100e-01  8.629167247689043500e-01
92 1289 2.522416e-01 2.027647e+00  6.464252986168131700e-03  9.636997131263740800e-03  4.367368448705472700e-02  7.810405780856759500e-01
93 1303 2.468707e-01 2.031694e+00  6.464252986168131700e-03  1.820308918962467200e-02  7.561425203007138300e-02  5.482158202031135500e-01
94 1317 2.407811e-01 2.040087e+00  6.464252986168131700e-03  1.283810007246704600e-02  3.612804251779701300e-02  3.324663389491094900e-01
95 1331 2.382459e-01 2.044122e+00  6.294825805001914500e-03  6.294825805001914500e-03  4.170182692874316300e-02  7.817442307476539800e-01
96 1345 2.369251e-01 2.049704e+00  6.294825805001914500e-03  1.358134436871684900e-02  7.316386276832948000e-02  4.544850486896808700e-01
97 1359 2.312365e-01 2.054751e+00  6.294825805001914500e-03  1.827526815719663500e-02  2.866166373625140400e-02  4.361913277830864500e-01
98 1373 2.289028e-01 2.057981e+00  6.294825805001914500e-03  1.395439461214481100e-02  4.450350845237675800e-02  4.469921437309064500e-01
99 1387 2.244232e-01 2.060991e+00  6.294825805001914500e-03  2.124092243443492100e-02  4.276010407738076900e-02  4.810806674378814700e-01
100 1401 2.227298e-01 2.056688e+00  6.294825805001914500e-03  1.713838684828168000e-02  4.201692901329495700e-02  4.918339259819861100e-01
101 1415 2.162818e-01 2.056871e+00  6.294825805001914500e-03  1.175425311241769600e-02  3.946258814877176600e-02  2.073826589997094200e-01
102 1429 2.061191e-01 2.055686e+00  6.294825805001914500e-03  1.510875499475395100e-02  3.991152334101955000e-02  5.382643892575884600e-01
103 1443 1.980262e-01 2.055594e+00  6.294825805001914500e-03  1.190700285898300600e-02  2.942784787134009000e-02  4.654250687241903700e-01
104 1457 1.913382e-01 2.054505e+00  6.294825805001914500e-03  1.607258854163240800e-02  5.379040499102538700e-02  8.073784073666668800e-01
105 1471 1.830442e-01 2.055262e+00  6.294825805001914500e-03  1.108151453447818100e-02  2.677651666457271000e-02  2.440719098300650500e-01
106 1485 1.758354e-01 2.058594e+00  6.294825805001914500e-03  1.150357174104600800e-02  2.205187803018518500e-02  3.095245967795917700e-01
107 1499 1.712127e-01 2.058991e+00  6.294825805001914500e-03  1.180992662439812500e-02  1.906435388257098800e-02  4.882037908195963800e-02
108 1513 1.673586e-01 2.068593e+00  5.720688348396709700e-03  5.720688348396709700e-03  2.534999434973526900e-02  5.021217361948859800e-01
109 1527 1.635441e-01 2.062666e+00  5.720688348396709700e-03  1.511093799236160600e-02  3.281370886800766300e-02  5.576046238354780400e-01
110 1541 1.620400e-01 2.069280e+00  5.720688348396709700e-03  1.052784577642691900e-02  1.918016287061893900e-02  3.313949083854765600e-02
111 1555 1.611527e-01 2.068595e+00  5.720688348396709700e-03  6.373650845730232200e-03  2.355672594238547200e-02  9.885192782461069100e-02
112 1569 1.617670e-01 2.066779e+00  4.548622185757819300e-03  4.548622185757819300e-03  1.887662468750676800e-02  4.680104068538325500e-01
113 1583 1.622758e-01 2.066159e+00  4.408998121357704200e-03  4.408998121357704200e-03  1.718133671052414800e-02  4.729328556938129000e-02
114 1597 1.646172e-01 2.068078e+00  1.496358712409317500e-03  1.496358712409317500e-03  1.188989543741970900e-02  3.310036885757083900e-01
115 1611 1.698548e-01 2.070970e+00  1.496358712409317500e-03  3.417760997083619400e-03  6.331641076794215800e-03  6.185864033323480700e-02
116 1625 1.705927e-01 2.070849e+00  1.496358712409317500e-03  4.315537147148900200e-03  1.471243715687798500e-02  1.199377355533818300e-01
117 1639 1.724808e-01 2.075056e+00  1.496358712409317500e-03  5.433288387373331900e-03  1.629021298090180300e-02  1.796705500230426400e-01
118 1653 1.731156e-01 2.072453e+00  1.496358712409317500e-03  1.522783450857819000e-03  2.261399014335193500e-02  2.054523591700517500e-01
119 1667 1.722228e-01 2.072144e+00  1.496358712409317500e-03  3.423078748217804500e-03  1.445480685242383700e-02  2.827900945298377200e-01
120 1681 1.701586e-01 2.071200e+00  1.496358712409317500e-03  3.713304015416871100e-03  2.482057509782819100e-02  4.179976902501548200e-01
121 1695 1.684463e-01 2.071417e+00  1.496358712409317500e-03  4.896701511591097400e-03  1.494515415039210400e-02  2.778379449346324900e-01
122 1709 1.663898e-01 2.071666e+00  1.496358712409317500e-03  5.215764250934907700e-03  1.298480564618997000e-02  4.084594907617886100e-02
123 1723 1.652964e-01 2.071886e+00  1.496358712409317500e-03  2.439280668153437400e-03  1.735040512113719000e-02  4.055667472013471700e-01
124 1737 1.629989e-01 2.072352e+00  1.496358712409317500e-03  5.759560350185122600e-03  1.721630188468734100e-02  2.857931911451736500e-01
125 1751 1.600188e-01 2.071137e+00  1.496358712409317500e-03  3.502407850822173000e-03  1.139312687768087900e-02  6.487243645328087700e-02
126 1765 1.563091e-01 2.076676e+00  1.496358712409317500e-03  3.397297500301146100e-03  1.309067145521486700e-02  1.217090034335701600e-01
127 1779 1.530361e-01 2.077883e+00  1.496358712409317500e-03  2.339612449669020800e-03  1.352867702933866800e-02  1.509703307771883800e-01
128 1793 1.524496e-01 2.082513e+00  1.496358712409317500e-03  3.011863762540369000e-03  1.150031916979937400e-02  6.530317280479469600e-02
129 1807 1.536673e-01 2.082362e+00  1.496358712409317500e-03  2.976536473225603800e-03  2.359573077605995500e-02  1.813255046282150100e-01
130 1821 1.556109e-01 2.078688e+00  1.496358712409317500e-03  2.066879237278718100e-03  2.075063375738419500e-02  3.504369504899819100e-01
131 1835 1.554486e-01 2.086094e+00  1.496358712409317500e-03  2.902405185190901100e-03  2.224929852261553500e-02  2.670205939997653000e-01
132 1849 1.552836e-01 2.086863e+00  1.496358712409317500e-03  1.982442794475174100e-03  2.588738349205674600e-02  8.990492406992466000e-02
133 1863 1.532448e-01 2.088785e+00  1.496358712409317500e-03  2.955074102587591000e-03  2.274456755925734900e-02  7.198575897652619300e-01
134 1877 1.535418e-01 2.093303e+00  1.496358712409317500e-03  3.567670576914453500e-03  1.628488240280082800e-02  3.706841894231043800e-01
135 1891 1.543131e-01 2.102989e+00  1.496358712409317500e-03  1.620594358963576000e-03  1.219356239554126400e-02  1.732397151985452500e-01
136 1905 1.540548e-01 2.108012e+00  1.081898976284502900e-03  1.081898976284502900e-03  8.864571510087822600e-03  1.170890038862440600e-01
137 1919 1.536282e-01 2.108315e+00  1.081898976284502900e-03  1.953814624174033100e-03  7.095597135213332200e-03  8.373265862516939000e-02
138 1933 1.509606e-01 2.110041e+00  9.323949112126390000e-04  9.323949112126390000e-04  6.370945121500413300e-03  6.587037744567602000e-01
