%  columns="iteration, evaluation, sigma, max axis length, min axis length, all principal axes lengths (sorted square roots of eigenvalues of C)" (startseed=208486, 2016/06/18 20:18:6.86)
1 15 1.878329e-01 1.027722e+00 9.969247e-01 9.969247e-01 9.969247e-01 9.969247e-01 9.969247e-01 9.969247e-01 9.969247e-01 9.969247e-01 9.969247e-01 9.969247e-01 9.969247e-01 9.969247e-01 9.969247e-01 9.969247e-01 9.969247e-01 9.969247e-01 9.969247e-01 9.969247e-01 9.969247e-01 9.969247e-01 9.969247e-01 9.969247e-01 9.969247e-01 9.969247e-01 9.969247e-01 9.969247e-01 9.976274e-01 9.985584e-01 1.001177e+00 1.002982e+00 1.005204e+00 1.010229e+00 1.027722e+00 
2 29 1.808131e-01 1.037277e+00 9.938589e-01 9.938589e-01 9.938589e-01 9.938589e-01 9.938589e-01 9.938589e-01 9.938589e-01 9.938589e-01 9.938589e-01 9.938589e-01 9.938589e-01 9.938589e-01 9.938589e-01 9.938589e-01 9.938589e-01 9.938589e-01 9.938589e-01 9.938589e-01 9.938589e-01 9.941157e-01 9.943860e-01 9.951466e-01 9.956036e-01 9.965486e-01 9.986788e-01 9.991411e-01 9.998994e-01 1.004233e+00 1.004508e+00 1.007211e+00 1.010157e+00 1.016723e+00 1.037277e+00 
3 43 1.761421e-01 1.047884e+00 9.908025e-01 9.908025e-01 9.908025e-01 9.908025e-01 9.908025e-01 9.908025e-01 9.908025e-01 9.908025e-01 9.908025e-01 9.908025e-01 9.908025e-01 9.908025e-01 9.909088e-01 9.910334e-01 9.913905e-01 9.915187e-01 9.918854e-01 9.919774e-01 9.926973e-01 9.934202e-01 9.934649e-01 9.956291e-01 9.962565e-01 9.967875e-01 9.976853e-01 1.000323e+00 1.001479e+00 1.003489e+00 1.008393e+00 1.009729e+00 1.012969e+00 1.027430e+00 1.047884e+00 
4 57 1.802276e-01 1.076721e+00 9.877555e-01 9.877555e-01 9.877555e-01 9.877555e-01 9.877555e-01 9.877891e-01 9.878363e-01 9.878699e-01 9.879955e-01 9.880747e-01 9.881858e-01 9.885171e-01 9.887549e-01 9.889664e-01 9.896639e-01 9.897563e-01 9.906434e-01 9.911457e-01 9.914677e-01 9.921122e-01 9.934072e-01 9.945614e-01 9.963538e-01 9.973873e-01 9.987469e-01 9.996309e-01 1.001916e+00 1.004892e+00 1.008085e+00 1.012057e+00 1.013198e+00 1.045481e+00 1.076721e+00 
5 71 1.869363e-01 1.108855e+00 9.847592e-01 9.847592e-01 9.847910e-01 9.848290e-01 9.849193e-01 9.849819e-01 9.850505e-01 9.853103e-01 9.858151e-01 9.858873e-01 9.861915e-01 9.864826e-01 9.870373e-01 9.874580e-01 9.884121e-01 9.886687e-01 9.889183e-01 9.902095e-01 9.909022e-01 9.918607e-01 9.931898e-01 9.937815e-01 9.955075e-01 9.974802e-01 9.985061e-01 1.001163e+00 1.003593e+00 1.006049e+00 1.007942e+00 1.015219e+00 1.026974e+00 1.047672e+00 1.108855e+00 
6 85 1.891640e-01 1.130429e+00 9.818466e-01 9.818466e-01 9.819637e-01 9.820745e-01 9.822244e-01 9.824337e-01 9.827642e-01 9.830387e-01 9.831648e-01 9.836932e-01 9.845945e-01 9.847828e-01 9.856181e-01 9.859037e-01 9.862952e-01 9.871555e-01 9.878706e-01 9.886838e-01 9.900886e-01 9.902483e-01 9.924095e-01 9.939709e-01 9.949423e-01 9.981841e-01 9.985856e-01 1.002673e+00 1.005688e+00 1.006748e+00 1.015723e+00 1.017061e+00 1.026351e+00 1.046179e+00 1.130429e+00 
7 99 1.903520e-01 1.150465e+00 9.790688e-01 9.790688e-01 9.792009e-01 9.795375e-01 9.798026e-01 9.799826e-01 9.804336e-01 9.808066e-01 9.814598e-01 9.822990e-01 9.825080e-01 9.833691e-01 9.836778e-01 9.844691e-01 9.847997e-01 9.855966e-01 9.865358e-01 9.869812e-01 9.878928e-01 9.889067e-01 9.924484e-01 9.929148e-01 9.944703e-01 9.981369e-01 1.000867e+00 1.002105e+00 1.005285e+00 1.010188e+00 1.015476e+00 1.020265e+00 1.027208e+00 1.044703e+00 1.150465e+00 
8 113 1.956877e-01 1.176434e+00 9.762957e-01 9.762957e-01 9.764656e-01 9.769772e-01 9.772488e-01 9.781395e-01 9.786884e-01 9.791534e-01 9.798053e-01 9.802053e-01 9.806803e-01 9.810061e-01 9.816642e-01 9.824924e-01 9.838492e-01 9.840851e-01 9.846064e-01 9.866017e-01 9.881431e-01 9.910643e-01 9.929136e-01 9.938238e-01 9.974323e-01 9.986692e-01 1.000450e+00 1.002848e+00 1.007735e+00 1.012846e+00 1.021753e+00 1.027100e+00 1.031084e+00 1.046090e+00 1.176434e+00 
9 127 1.983706e-01 1.196391e+00 9.735565e-01 9.735565e-01 9.739766e-01 9.745485e-01 9.749727e-01 9.758655e-01 9.762397e-01 9.770773e-01 9.777944e-01 9.779138e-01 9.787285e-01 9.799255e-01 9.805910e-01 9.812770e-01 9.824679e-01 9.841025e-01 9.849657e-01 9.855150e-01 9.872680e-01 9.893975e-01 9.910147e-01 9.964474e-01 9.968057e-01 9.982922e-01 1.004563e+00 1.006215e+00 1.007344e+00 1.016174e+00 1.021104e+00 1.026159e+00 1.032747e+00 1.049236e+00 1.196391e+00 
10 141 2.027367e-01 1.218691e+00 9.710201e-01 9.710201e-01 9.719626e-01 9.723153e-01 9.730570e-01 9.732149e-01 9.746031e-01 9.748241e-01 9.754080e-01 9.771571e-01 9.779276e-01 9.784162e-01 9.788222e-01 9.807991e-01 9.816593e-01 9.830140e-01 9.835782e-01 9.847829e-01 9.862299e-01 9.890436e-01 9.906670e-01 9.941097e-01 9.953831e-01 9.969023e-01 1.003511e+00 1.006877e+00 1.009617e+00 1.016810e+00 1.019365e+00 1.027901e+00 1.030562e+00 1.054567e+00 1.218691e+00 
11 155 2.106968e-01 1.248300e+00 9.692560e-01 9.692560e-01 9.697236e-01 9.699777e-01 9.710600e-01 9.713669e-01 9.722072e-01 9.728409e-01 9.741815e-01 9.755167e-01 9.760001e-01 9.765094e-01 9.780044e-01 9.789807e-01 9.810713e-01 9.820739e-01 9.828402e-01 9.837523e-01 9.844934e-01 9.884987e-01 9.895642e-01 9.928497e-01 9.943236e-01 9.977776e-01 1.005329e+00 1.006936e+00 1.011455e+00 1.015853e+00 1.018707e+00 1.027743e+00 1.031693e+00 1.058858e+00 1.248300e+00 
12 169 2.179400e-01 1.268416e+00 9.666924e-01 9.666924e-01 9.674460e-01 9.677282e-01 9.683605e-01 9.693282e-01 9.700649e-01 9.706333e-01 9.727358e-01 9.738613e-01 9.741788e-01 9.749122e-01 9.768089e-01 9.771500e-01 9.791749e-01 9.802406e-01 9.818677e-01 9.825160e-01 9.855374e-01 9.875928e-01 9.912064e-01 9.923068e-01 9.966813e-01 9.981119e-01 1.003707e+00 1.007509e+00 1.011115e+00 1.016020e+00 1.026452e+00 1.029667e+00 1.036981e+00 1.065710e+00 1.268416e+00 
13 183 2.233344e-01 1.287427e+00 9.643097e-01 9.643097e-01 9.649876e-01 9.655262e-01 9.667494e-01 9.673729e-01 9.676395e-01 9.690201e-01 9.708263e-01 9.716008e-01 9.738257e-01 9.741761e-01 9.747705e-01 9.760079e-01 9.771417e-01 9.791019e-01 9.814325e-01 9.829741e-01 9.843248e-01 9.875429e-01 9.889986e-01 9.909929e-01 9.939155e-01 1.001569e+00 1.003684e+00 1.005626e+00 1.011961e+00 1.016571e+00 1.026673e+00 1.028174e+00 1.041574e+00 1.068792e+00 1.287427e+00 
14 197 2.294758e-01 1.305958e+00 9.620103e-01 9.620103e-01 9.627046e-01 9.631810e-01 9.647443e-01 9.649815e-01 9.664355e-01 9.675670e-01 9.691225e-01 9.700423e-01 9.711925e-01 9.734912e-01 9.743999e-01 9.751280e-01 9.778356e-01 9.801661e-01 9.813620e-01 9.819207e-01 9.832094e-01 9.857066e-01 9.881545e-01 9.908881e-01 9.924541e-01 1.000786e+00 1.003632e+00 1.006528e+00 1.011426e+00 1.016283e+00 1.025818e+00 1.027644e+00 1.055580e+00 1.072892e+00 1.305958e+00 
15 211 2.397015e-01 1.338657e+00 9.598865e-01 9.598865e-01 9.600405e-01 9.614837e-01 9.621917e-01 9.624436e-01 9.647150e-01 9.665271e-01 9.684673e-01 9.685706e-01 9.701147e-01 9.713923e-01 9.717357e-01 9.752061e-01 9.781653e-01 9.795331e-01 9.803378e-01 9.822652e-01 9.828284e-01 9.843133e-01 9.869544e-01 9.911878e-01 9.957957e-01 9.992054e-01 1.003822e+00 1.004855e+00 1.012502e+00 1.016271e+00 1.024044e+00 1.028987e+00 1.054710e+00 1.084753e+00 1.338657e+00 
16 225 2.511307e-01 1.363710e+00 9.577329e-01 9.577329e-01 9.588752e-01 9.600521e-01 9.610044e-01 9.623652e-01 9.632303e-01 9.649672e-01 9.657473e-01 9.677736e-01 9.685459e-01 9.707991e-01 9.721300e-01 9.744276e-01 9.758168e-01 9.780022e-01 9.796302e-01 9.804215e-01 9.824826e-01 9.855677e-01 9.902833e-01 9.934412e-01 9.967805e-01 1.000700e+00 1.002309e+00 1.006749e+00 1.011375e+00 1.013715e+00 1.028053e+00 1.035256e+00 1.054522e+00 1.091661e+00 1.363710e+00 
17 239 2.563073e-01 1.383363e+00 9.560292e-01 9.560292e-01 9.570536e-01 9.575167e-01 9.590156e-01 9.605588e-01 9.620519e-01 9.637497e-01 9.651405e-01 9.661006e-01 9.675919e-01 9.692523e-01 9.710839e-01 9.729856e-01 9.749616e-01 9.766380e-01 9.777562e-01 9.810593e-01 9.831627e-01 9.881229e-01 9.885638e-01 9.919379e-01 9.949846e-01 1.001925e+00 1.004477e+00 1.005772e+00 1.010178e+00 1.014513e+00 1.026675e+00 1.037412e+00 1.054395e+00 1.093844e+00 1.383363e+00 
18 253 2.618961e-01 1.402259e+00 9.543730e-01 9.543730e-01 9.549578e-01 9.558760e-01 9.575658e-01 9.589325e-01 9.592906e-01 9.611377e-01 9.631653e-01 9.654504e-01 9.665860e-01 9.680076e-01 9.691062e-01 9.718536e-01 9.732663e-01 9.757153e-01 9.770223e-01 9.799557e-01 9.819107e-01 9.853814e-01 9.875373e-01 9.932568e-01 9.957483e-01 9.999154e-01 1.005129e+00 1.006864e+00 1.008441e+00 1.015304e+00 1.025929e+00 1.037886e+00 1.052200e+00 1.101397e+00 1.402259e+00 
19 267 2.679877e-01 1.418905e+00 9.521179e-01 9.521179e-01 9.533866e-01 9.541551e-01 9.554712e-01 9.572692e-01 9.582189e-01 9.595913e-01 9.638289e-01 9.638850e-01 9.643543e-01 9.662562e-01 9.683477e-01 9.699303e-01 9.737230e-01 9.747346e-01 9.773349e-01 9.807948e-01 9.822627e-01 9.851749e-01 9.871688e-01 9.930399e-01 9.955160e-01 9.973631e-01 1.004413e+00 1.005649e+00 1.006458e+00 1.015215e+00 1.025561e+00 1.036963e+00 1.053708e+00 1.108644e+00 1.418905e+00 
20 281 2.697924e-01 1.432496e+00 9.504542e-01 9.504542e-01 9.511988e-01 9.518305e-01 9.543005e-01 9.556196e-01 9.560663e-01 9.576613e-01 9.614735e-01 9.625869e-01 9.639547e-01 9.657565e-01 9.666170e-01 9.710667e-01 9.714213e-01 9.727084e-01 9.758055e-01 9.788462e-01 9.800717e-01 9.830556e-01 9.859776e-01 9.925678e-01 9.939616e-01 9.952703e-01 1.001887e+00 1.004554e+00 1.007203e+00 1.013147e+00 1.024934e+00 1.035589e+00 1.056010e+00 1.116303e+00 1.432496e+00 
21 295 2.805479e-01 1.465821e+00 9.485762e-01 9.485762e-01 9.487410e-01 9.494110e-01 9.526793e-01 9.539807e-01 9.550569e-01 9.558184e-01 9.602220e-01 9.608268e-01 9.616526e-01 9.630556e-01 9.655091e-01 9.686269e-01 9.699000e-01 9.710721e-01 9.757653e-01 9.766028e-01 9.801230e-01 9.811301e-01 9.863516e-01 9.906924e-01 9.924876e-01 9.958430e-01 1.002614e+00 1.003766e+00 1.009093e+00 1.013735e+00 1.023265e+00 1.036146e+00 1.056058e+00 1.128073e+00 1.465821e+00 
22 309 2.913392e-01 1.491705e+00 9.462995e-01 9.462995e-01 9.468087e-01 9.483491e-01 9.516830e-01 9.527430e-01 9.535749e-01 9.542765e-01 9.585360e-01 9.590017e-01 9.596620e-01 9.623067e-01 9.644717e-01 9.681358e-01 9.707798e-01 9.710554e-01 9.736420e-01 9.773251e-01 9.784106e-01 9.825290e-01 9.846209e-01 9.906255e-01 9.929585e-01 9.994533e-01 1.000825e+00 1.003331e+00 1.008295e+00 1.012629e+00 1.023938e+00 1.036967e+00 1.056194e+00 1.139429e+00 1.491705e+00 
23 323 3.027380e-01 1.506272e+00 9.439720e-01 9.439720e-01 9.450012e-01 9.468343e-01 9.496106e-01 9.510412e-01 9.530549e-01 9.552016e-01 9.559259e-01 9.576903e-01 9.589049e-01 9.605037e-01 9.635026e-01 9.662695e-01 9.688382e-01 9.710078e-01 9.740285e-01 9.757258e-01 9.804175e-01 9.808659e-01 9.876054e-01 9.892755e-01 9.912730e-01 9.987520e-01 9.992933e-01 1.001082e+00 1.008587e+00 1.017944e+00 1.024128e+00 1.035577e+00 1.061254e+00 1.152593e+00 1.506272e+00 
24 337 3.127490e-01 1.516776e+00 9.426017e-01 9.426017e-01 9.438091e-01 9.456067e-01 9.480793e-01 9.486625e-01 9.511989e-01 9.532797e-01 9.550402e-01 9.564263e-01 9.569107e-01 9.589473e-01 9.611840e-01 9.651793e-01 9.680601e-01 9.706007e-01 9.727051e-01 9.743082e-01 9.781144e-01 9.817103e-01 9.850537e-01 9.886654e-01 9.913424e-01 9.968770e-01 9.981710e-01 1.007956e+00 1.009708e+00 1.020344e+00 1.024069e+00 1.033608e+00 1.064283e+00 1.165335e+00 1.516776e+00 
25 351 3.188259e-01 1.526749e+00 9.404287e-01 9.404287e-01 9.430184e-01 9.440618e-01 9.463307e-01 9.468721e-01 9.496364e-01 9.508181e-01 9.529240e-01 9.546811e-01 9.562470e-01 9.586836e-01 9.592560e-01 9.639193e-01 9.674918e-01 9.692013e-01 9.708854e-01 9.723895e-01 9.760741e-01 9.814648e-01 9.839446e-01 9.877416e-01 9.894305e-01 9.959673e-01 9.981509e-01 1.006293e+00 1.007796e+00 1.019293e+00 1.025187e+00 1.032231e+00 1.075188e+00 1.175002e+00 1.526749e+00 
26 365 3.308387e-01 1.542317e+00 9.380073e-01 9.380073e-01 9.407226e-01 9.422747e-01 9.441963e-01 9.449548e-01 9.476057e-01 9.493719e-01 9.512860e-01 9.525493e-01 9.555137e-01 9.593550e-01 9.603608e-01 9.636937e-01 9.662296e-01 9.686293e-01 9.703404e-01 9.721955e-01 9.746331e-01 9.804492e-01 9.853296e-01 9.871623e-01 9.929914e-01 9.953215e-01 9.997366e-01 1.005243e+00 1.007423e+00 1.017238e+00 1.025037e+00 1.030854e+00 1.083085e+00 1.184912e+00 1.542317e+00 
27 379 3.421397e-01 1.550667e+00 9.368932e-01 9.368932e-01 9.387810e-01 9.414968e-01 9.422753e-01 9.427330e-01 9.456279e-01 9.481173e-01 9.503947e-01 9.514820e-01 9.549423e-01 9.583205e-01 9.608166e-01 9.626198e-01 9.655362e-01 9.680937e-01 9.697081e-01 9.715629e-01 9.746367e-01 9.819313e-01 9.847104e-01 9.856985e-01 9.918854e-01 9.939192e-01 1.000893e+00 1.004814e+00 1.008782e+00 1.015853e+00 1.026031e+00 1.038619e+00 1.085153e+00 1.197843e+00 1.550667e+00 
28 393 3.510135e-01 1.558580e+00 9.344736e-01 9.344736e-01 9.375788e-01 9.396655e-01 9.401035e-01 9.410980e-01 9.434510e-01 9.467325e-01 9.493836e-01 9.496365e-01 9.528858e-01 9.572740e-01 9.595706e-01 9.603530e-01 9.639126e-01 9.671680e-01 9.686860e-01 9.699289e-01 9.731878e-01 9.819620e-01 9.824758e-01 9.843126e-01 9.924066e-01 9.930947e-01 1.001118e+00 1.005001e+00 1.007378e+00 1.020762e+00 1.025553e+00 1.044380e+00 1.084547e+00 1.208037e+00 1.558580e+00 
29 407 3.541026e-01 1.567893e+00 9.331679e-01 9.331679e-01 9.352421e-01 9.372011e-01 9.387947e-01 9.417548e-01 9.425185e-01 9.451978e-01 9.469600e-01 9.475487e-01 9.526775e-01 9.559013e-01 9.574381e-01 9.589801e-01 9.647279e-01 9.655836e-01 9.677239e-01 9.707500e-01 9.731431e-01 9.802850e-01 9.827161e-01 9.830320e-01 9.913279e-01 9.950216e-01 9.998088e-01 1.004004e+00 1.006349e+00 1.023459e+00 1.026460e+00 1.045702e+00 1.085262e+00 1.217015e+00 1.567893e+00 
30 421 3.589939e-01 1.571278e+00 9.312584e-01 9.312584e-01 9.327955e-01 9.353921e-01 9.374271e-01 9.397987e-01 9.410627e-01 9.444219e-01 9.449321e-01 9.462439e-01 9.524039e-01 9.555187e-01 9.566813e-01 9.581358e-01 9.628566e-01 9.634650e-01 9.664465e-01 9.699446e-01 9.708881e-01 9.800757e-01 9.821243e-01 9.872948e-01 9.901576e-01 9.933069e-01 9.987661e-01 1.003220e+00 1.005877e+00 1.027290e+00 1.031118e+00 1.050952e+00 1.083986e+00 1.228569e+00 1.571278e+00 
31 435 3.711559e-01 1.576836e+00 9.289573e-01 9.289573e-01 9.329162e-01 9.339199e-01 9.350086e-01 9.381227e-01 9.388105e-01 9.416185e-01 9.426763e-01 9.455758e-01 9.500434e-01 9.540072e-01 9.549839e-01 9.581347e-01 9.626917e-01 9.634418e-01 9.655424e-01 9.698597e-01 9.745012e-01 9.798654e-01 9.835613e-01 9.865443e-01 9.880480e-01 9.971003e-01 1.000006e+00 1.001801e+00 1.007677e+00 1.025599e+00 1.039300e+00 1.053808e+00 1.082865e+00 1.240674e+00 1.576836e+00 
32 449 3.775235e-01 1.584987e+00 9.269357e-01 9.269357e-01 9.310536e-01 9.316121e-01 9.332963e-01 9.361383e-01 9.369375e-01 9.402507e-01 9.418443e-01 9.432596e-01 9.489474e-01 9.519768e-01 9.538214e-01 9.566813e-01 9.600650e-01 9.617349e-01 9.659379e-01 9.703102e-01 9.741768e-01 9.801320e-01 9.813072e-01 9.873459e-01 9.899045e-01 9.968509e-01 9.984946e-01 1.002072e+00 1.007006e+00 1.030354e+00 1.039978e+00 1.056735e+00 1.085203e+00 1.246954e+00 1.584987e+00 
33 463 3.764398e-01 1.588370e+00 9.247444e-01 9.247444e-01 9.295863e-01 9.306274e-01 9.315966e-01 9.350932e-01 9.356343e-01 9.378894e-01 9.398234e-01 9.426266e-01 9.469444e-01 9.496408e-01 9.545920e-01 9.551804e-01 9.606672e-01 9.609057e-01 9.648602e-01 9.702976e-01 9.715264e-01 9.786914e-01 9.796186e-01 9.854009e-01 9.915409e-01 9.956069e-01 9.981029e-01 1.001336e+00 1.005306e+00 1.029700e+00 1.039132e+00 1.059323e+00 1.088055e+00 1.254962e+00 1.588370e+00 
34 477 3.769008e-01 1.593255e+00 9.229980e-01 9.229980e-01 9.270633e-01 9.287505e-01 9.301882e-01 9.332104e-01 9.338756e-01 9.369205e-01 9.396314e-01 9.420936e-01 9.448763e-01 9.490042e-01 9.525248e-01 9.555116e-01 9.582821e-01 9.600668e-01 9.639724e-01 9.706978e-01 9.730471e-01 9.772507e-01 9.799023e-01 9.846011e-01 9.920519e-01 9.949743e-01 9.984352e-01 1.001550e+00 1.008066e+00 1.030554e+00 1.037900e+00 1.058154e+00 1.088148e+00 1.260712e+00 1.593255e+00 
35 491 3.799226e-01 1.598730e+00 9.219517e-01 9.219517e-01 9.250762e-01 9.279425e-01 9.281864e-01 9.325165e-01 9.339370e-01 9.359466e-01 9.379589e-01 9.408139e-01 9.434697e-01 9.482418e-01 9.514259e-01 9.558581e-01 9.583010e-01 9.595821e-01 9.645788e-01 9.696271e-01 9.732750e-01 9.758044e-01 9.804116e-01 9.858574e-01 9.919965e-01 9.946213e-01 9.984626e-01 1.000735e+00 1.007641e+00 1.029212e+00 1.036713e+00 1.058825e+00 1.089677e+00 1.266356e+00 1.598730e+00 
36 505 3.790927e-01 1.606988e+00 9.196988e-01 9.196988e-01 9.243479e-01 9.260890e-01 9.271930e-01 9.312376e-01 9.336133e-01 9.348699e-01 9.372137e-01 9.411411e-01 9.418045e-01 9.481127e-01 9.501175e-01 9.539633e-01 9.583134e-01 9.601662e-01 9.629112e-01 9.705172e-01 9.735890e-01 9.755446e-01 9.809132e-01 9.845970e-01 9.912729e-01 9.929314e-01 9.988317e-01 9.990844e-01 1.007307e+00 1.027295e+00 1.034936e+00 1.057573e+00 1.089790e+00 1.274682e+00 1.606988e+00 
37 519 3.801619e-01 1.611836e+00 9.196321e-01 9.196321e-01 9.232242e-01 9.252491e-01 9.254907e-01 9.298851e-01 9.324420e-01 9.330372e-01 9.345836e-01 9.396725e-01 9.432060e-01 9.467200e-01 9.501871e-01 9.540197e-01 9.577610e-01 9.610549e-01 9.652248e-01 9.718809e-01 9.733082e-01 9.742014e-01 9.789103e-01 9.851366e-01 9.897883e-01 9.943440e-01 9.981917e-01 1.000003e+00 1.008950e+00 1.033513e+00 1.036090e+00 1.059221e+00 1.091456e+00 1.279269e+00 1.611836e+00 
38 533 3.794252e-01 1.611868e+00 9.174570e-01 9.174570e-01 9.222537e-01 9.233691e-01 9.254421e-01 9.291519e-01 9.312249e-01 9.325379e-01 9.359891e-01 9.399479e-01 9.415705e-01 9.456885e-01 9.497838e-01 9.545800e-01 9.576222e-01 9.605476e-01 9.648554e-01 9.706042e-01 9.712897e-01 9.731241e-01 9.768381e-01 9.834666e-01 9.925770e-01 9.934057e-01 9.956884e-01 1.001116e+00 1.011526e+00 1.032365e+00 1.039257e+00 1.060480e+00 1.095106e+00 1.281132e+00 1.611868e+00 
39 547 3.829418e-01 1.625703e+00 9.157116e-01 9.157116e-01 9.207616e-01 9.216229e-01 9.244163e-01 9.278228e-01 9.294719e-01 9.316575e-01 9.339705e-01 9.377772e-01 9.389923e-01 9.439457e-01 9.509421e-01 9.548978e-01 9.563930e-01 9.603225e-01 9.625283e-01 9.689217e-01 9.712345e-01 9.750900e-01 9.786310e-01 9.866050e-01 9.906666e-01 9.932652e-01 9.954833e-01 1.000831e+00 1.011744e+00 1.034294e+00 1.037880e+00 1.061612e+00 1.103146e+00 1.282816e+00 1.625703e+00 
40 561 3.946999e-01 1.631003e+00 9.146909e-01 9.146909e-01 9.191682e-01 9.204411e-01 9.231783e-01 9.257679e-01 9.283362e-01 9.321269e-01 9.343376e-01 9.360195e-01 9.389546e-01 9.435504e-01 9.490648e-01 9.549137e-01 9.561946e-01 9.591135e-01 9.605331e-01 9.682156e-01 9.705078e-01 9.764603e-01 9.767022e-01 9.868145e-01 9.893094e-01 9.948684e-01 9.978350e-01 1.000346e+00 1.023209e+00 1.031771e+00 1.039100e+00 1.060131e+00 1.115286e+00 1.284291e+00 1.631003e+00 
41 575 4.131122e-01 1.640000e+00 9.137432e-01 9.137432e-01 9.176422e-01 9.194822e-01 9.223294e-01 9.251324e-01 9.274649e-01 9.324836e-01 9.327214e-01 9.350298e-01 9.369884e-01 9.426554e-01 9.504429e-01 9.537976e-01 9.566348e-01 9.582470e-01 9.603015e-01 9.653631e-01 9.686162e-01 9.752865e-01 9.766408e-01 9.863158e-01 9.888016e-01 9.963505e-01 9.968691e-01 1.003243e+00 1.023675e+00 1.033133e+00 1.040034e+00 1.058650e+00 1.134666e+00 1.288854e+00 1.640000e+00 
42 589 4.372409e-01 1.649326e+00 9.127582e-01 9.127582e-01 9.151659e-01 9.172608e-01 9.216782e-01 9.238759e-01 9.263621e-01 9.303328e-01 9.324248e-01 9.341518e-01 9.373021e-01 9.406592e-01 9.487331e-01 9.521546e-01 9.548016e-01 9.562560e-01 9.601832e-01 9.664888e-01 9.684074e-01 9.735179e-01 9.749452e-01 9.866880e-01 9.869073e-01 9.959072e-01 9.968114e-01 1.005836e+00 1.022257e+00 1.031853e+00 1.041793e+00 1.059791e+00 1.154495e+00 1.296315e+00 1.649326e+00 
43 603 4.607763e-01 1.677496e+00 9.115951e-01 9.115951e-01 9.135250e-01 9.170109e-01 9.194350e-01 9.220481e-01 9.251352e-01 9.283622e-01 9.301725e-01 9.323572e-01 9.368201e-01 9.428750e-01 9.465562e-01 9.516604e-01 9.539710e-01 9.577448e-01 9.593106e-01 9.659849e-01 9.691703e-01 9.722720e-01 9.760401e-01 9.852345e-01 9.868067e-01 9.961089e-01 9.981689e-01 1.004346e+00 1.028315e+00 1.033020e+00 1.042263e+00 1.066539e+00 1.166716e+00 1.304686e+00 1.677496e+00 
44 617 4.829810e-01 1.689695e+00 9.115485e-01 9.115485e-01 9.125013e-01 9.152820e-01 9.178011e-01 9.200483e-01 9.237206e-01 9.266636e-01 9.300410e-01 9.303716e-01 9.368292e-01 9.427834e-01 9.451899e-01 9.503263e-01 9.539134e-01 9.575508e-01 9.590881e-01 9.646837e-01 9.684540e-01 9.729362e-01 9.759417e-01 9.838489e-01 9.892434e-01 9.966608e-01 1.000319e+00 1.003926e+00 1.026276e+00 1.032480e+00 1.043085e+00 1.066241e+00 1.183681e+00 1.314729e+00 1.689695e+00 
45 631 4.918222e-01 1.696723e+00 9.093687e-01 9.093687e-01 9.107486e-01 9.136670e-01 9.162435e-01 9.182416e-01 9.223343e-01 9.254125e-01 9.276636e-01 9.301789e-01 9.361131e-01 9.422018e-01 9.429326e-01 9.508935e-01 9.529987e-01 9.553422e-01 9.575993e-01 9.635956e-01 9.664596e-01 9.711639e-01 9.749872e-01 9.821546e-01 9.881115e-01 9.975811e-01 1.003171e+00 1.004475e+00 1.024229e+00 1.031415e+00 1.046508e+00 1.065118e+00 1.191836e+00 1.318758e+00 1.696723e+00 
46 645 4.898661e-01 1.701293e+00 9.076198e-01 9.076198e-01 9.087543e-01 9.131433e-01 9.141653e-01 9.167494e-01 9.218159e-01 9.237437e-01 9.263944e-01 9.286888e-01 9.349774e-01 9.399186e-01 9.423616e-01 9.527215e-01 9.532741e-01 9.550004e-01 9.577179e-01 9.632976e-01 9.686524e-01 9.730362e-01 9.775259e-01 9.820261e-01 9.879516e-01 9.977518e-01 1.003072e+00 1.004037e+00 1.022885e+00 1.033197e+00 1.048360e+00 1.064104e+00 1.195254e+00 1.321141e+00 1.701293e+00 
47 659 4.841441e-01 1.707305e+00 9.060085e-01 9.060085e-01 9.065596e-01 9.118334e-01 9.130231e-01 9.152379e-01 9.201391e-01 9.229603e-01 9.258776e-01 9.273627e-01 9.349802e-01 9.385590e-01 9.400857e-01 9.514606e-01 9.528225e-01 9.549169e-01 9.571306e-01 9.605813e-01 9.678589e-01 9.721404e-01 9.786622e-01 9.798245e-01 9.901322e-01 9.950669e-01 1.004116e+00 1.005810e+00 1.020042e+00 1.031918e+00 1.047497e+00 1.063640e+00 1.199725e+00 1.321634e+00 1.707305e+00 
48 673 4.696971e-01 1.711054e+00 9.045981e-01 9.045981e-01 9.051419e-01 9.094405e-01 9.108307e-01 9.127940e-01 9.186517e-01 9.228947e-01 9.242615e-01 9.265276e-01 9.327318e-01 9.362142e-01 9.397194e-01 9.500361e-01 9.523740e-01 9.531025e-01 9.559671e-01 9.597155e-01 9.673939e-01 9.728192e-01 9.766008e-01 9.812356e-01 9.898133e-01 9.935826e-01 1.003523e+00 1.006949e+00 1.018274e+00 1.030098e+00 1.045652e+00 1.063603e+00 1.198058e+00 1.320990e+00 1.711054e+00 
49 687 4.509739e-01 1.712944e+00 9.027786e-01 9.027786e-01 9.046318e-01 9.079262e-01 9.090333e-01 9.111498e-01 9.165065e-01 9.209321e-01 9.225536e-01 9.266614e-01 9.305472e-01 9.361938e-01 9.393310e-01 9.480145e-01 9.499915e-01 9.510101e-01 9.570537e-01 9.604650e-01 9.672039e-01 9.710838e-01 9.743579e-01 9.845832e-01 9.918302e-01 9.929271e-01 1.004305e+00 1.007320e+00 1.016836e+00 1.036150e+00 1.044454e+00 1.061282e+00 1.197184e+00 1.320417e+00 1.712944e+00 
50 701 4.358655e-01 1.712119e+00 9.007104e-01 9.007104e-01 9.051822e-01 9.055171e-01 9.075574e-01 9.118650e-01 9.142646e-01 9.189788e-01 9.214731e-01 9.244562e-01 9.303907e-01 9.355445e-01 9.406131e-01 9.474413e-01 9.491894e-01 9.496231e-01 9.562746e-01 9.588720e-01 9.672512e-01 9.713432e-01 9.767691e-01 9.837931e-01 9.897069e-01 9.925284e-01 1.004041e+00 1.009354e+00 1.016762e+00 1.034566e+00 1.051495e+00 1.060858e+00 1.197330e+00 1.318486e+00 1.712119e+00 
51 715 4.227752e-01 1.710939e+00 8.994514e-01 8.994514e-01 9.036915e-01 9.048206e-01 9.093866e-01 9.103824e-01 9.128367e-01 9.171750e-01 9.195461e-01 9.231181e-01 9.283115e-01 9.350005e-01 9.380651e-01 9.452538e-01 9.475017e-01 9.497166e-01 9.542451e-01 9.579078e-01 9.672153e-01 9.702535e-01 9.794174e-01 9.849801e-01 9.887468e-01 9.925287e-01 1.003565e+00 1.010865e+00 1.015113e+00 1.033707e+00 1.051241e+00 1.059335e+00 1.196691e+00 1.317806e+00 1.710939e+00 
52 729 4.161088e-01 1.709231e+00 8.971692e-01 8.971692e-01 9.029224e-01 9.046054e-01 9.075664e-01 9.085913e-01 9.114330e-01 9.153576e-01 9.177843e-01 9.221872e-01 9.271755e-01 9.328506e-01 9.373524e-01 9.426657e-01 9.453264e-01 9.509284e-01 9.538189e-01 9.595927e-01 9.678976e-01 9.710785e-01 9.795421e-01 9.859894e-01 9.878516e-01 9.944074e-01 1.001992e+00 1.009042e+00 1.013264e+00 1.034205e+00 1.052690e+00 1.061394e+00 1.201820e+00 1.316670e+00 1.709231e+00 
53 743 4.044954e-01 1.706569e+00 8.960941e-01 8.960941e-01 9.011550e-01 9.023430e-01 9.053525e-01 9.060674e-01 9.106773e-01 9.142315e-01 9.170078e-01 9.210943e-01 9.252079e-01 9.333226e-01 9.353802e-01 9.404181e-01 9.433235e-01 9.494941e-01 9.515327e-01 9.581285e-01 9.661573e-01 9.698128e-01 9.796428e-01 9.854380e-01 9.914089e-01 9.952833e-01 1.001855e+00 1.008340e+00 1.011284e+00 1.034668e+00 1.051719e+00 1.064023e+00 1.204404e+00 1.317580e+00 1.706569e+00 
54 757 4.038263e-01 1.705157e+00 8.956757e-01 8.956757e-01 8.990126e-01 9.006208e-01 9.033482e-01 9.046376e-01 9.087528e-01 9.129671e-01 9.150287e-01 9.202744e-01 9.254034e-01 9.334091e-01 9.339217e-01 9.382102e-01 9.421993e-01 9.476907e-01 9.555916e-01 9.579581e-01 9.643783e-01 9.723452e-01 9.778600e-01 9.832427e-01 9.897613e-01 9.936051e-01 1.003042e+00 1.010366e+00 1.014262e+00 1.037597e+00 1.049908e+00 1.063369e+00 1.210748e+00 1.323749e+00 1.705157e+00 
55 771 4.019374e-01 1.704022e+00 8.940257e-01 8.940257e-01 8.969605e-01 8.982772e-01 9.022166e-01 9.030786e-01 9.071016e-01 9.127787e-01 9.134263e-01 9.182597e-01 9.241673e-01 9.329631e-01 9.340477e-01 9.363014e-01 9.427950e-01 9.492469e-01 9.544336e-01 9.599074e-01 9.618398e-01 9.742368e-01 9.800078e-01 9.829885e-01 9.885672e-01 9.954644e-01 1.003707e+00 1.009502e+00 1.017267e+00 1.037176e+00 1.047751e+00 1.062578e+00 1.213961e+00 1.325431e+00 1.704022e+00 
56 785 4.006083e-01 1.702078e+00 8.916735e-01 8.916735e-01 8.946756e-01 8.971099e-01 9.002527e-01 9.006020e-01 9.049548e-01 9.108546e-01 9.126572e-01 9.167093e-01 9.245071e-01 9.309376e-01 9.327027e-01 9.370103e-01 9.408918e-01 9.485223e-01 9.551321e-01 9.582390e-01 9.623461e-01 9.727091e-01 9.793222e-01 9.811803e-01 9.883492e-01 9.994610e-01 1.005825e+00 1.015388e+00 1.019505e+00 1.037830e+00 1.049944e+00 1.062507e+00 1.216006e+00 1.325019e+00 1.702078e+00 
57 799 3.969518e-01 1.698383e+00 8.913831e-01 8.913831e-01 8.927018e-01 8.950708e-01 8.992516e-01 8.999127e-01 9.047863e-01 9.106243e-01 9.127588e-01 9.166546e-01 9.242461e-01 9.288105e-01 9.323903e-01 9.345537e-01 9.395211e-01 9.482938e-01 9.542682e-01 9.565644e-01 9.654642e-01 9.709305e-01 9.801710e-01 9.812166e-01 9.877698e-01 9.982735e-01 1.004714e+00 1.013106e+00 1.021136e+00 1.037272e+00 1.049829e+00 1.061097e+00 1.218657e+00 1.325458e+00 1.698383e+00 
58 813 3.933316e-01 1.697545e+00 8.896796e-01 8.896796e-01 8.913109e-01 8.938829e-01 8.972698e-01 8.999404e-01 9.071207e-01 9.096601e-01 9.122001e-01 9.178698e-01 9.233592e-01 9.281474e-01 9.308501e-01 9.363310e-01 9.389336e-01 9.464305e-01 9.534216e-01 9.549624e-01 9.637129e-01 9.716853e-01 9.781113e-01 9.835108e-01 9.856323e-01 1.000039e+00 1.003329e+00 1.011990e+00 1.023768e+00 1.036899e+00 1.051051e+00 1.059774e+00 1.220627e+00 1.329306e+00 1.697545e+00 
59 827 3.899534e-01 1.702284e+00 8.879017e-01 8.879017e-01 8.912733e-01 8.924514e-01 8.952429e-01 8.993651e-01 9.059186e-01 9.077224e-01 9.127031e-01 9.175609e-01 9.223033e-01 9.266303e-01 9.314023e-01 9.353276e-01 9.369783e-01 9.450876e-01 9.518345e-01 9.576504e-01 9.612074e-01 9.705353e-01 9.781242e-01 9.844433e-01 9.857187e-01 9.990231e-01 1.004275e+00 1.011524e+00 1.024600e+00 1.035447e+00 1.052285e+00 1.058302e+00 1.224087e+00 1.330682e+00 1.702284e+00 
60 841 3.840085e-01 1.705530e+00 8.863868e-01 8.863868e-01 8.895290e-01 8.904326e-01 8.949385e-01 8.976577e-01 9.052379e-01 9.061973e-01 9.111421e-01 9.158119e-01 9.222299e-01 9.276728e-01 9.328004e-01 9.345656e-01 9.365476e-01 9.431081e-01 9.494107e-01 9.575517e-01 9.611109e-01 9.719131e-01 9.788271e-01 9.837518e-01 9.887802e-01 9.982634e-01 1.003266e+00 1.010032e+00 1.023942e+00 1.036571e+00 1.052097e+00 1.055861e+00 1.221729e+00 1.334171e+00 1.705530e+00 
61 855 3.743186e-01 1.705657e+00 8.861167e-01 8.861167e-01 8.881349e-01 8.892124e-01 8.943323e-01 8.963282e-01 9.040406e-01 9.048889e-01 9.097417e-01 9.168643e-01 9.209059e-01 9.259627e-01 9.323722e-01 9.329707e-01 9.358031e-01 9.411937e-01 9.492058e-01 9.552395e-01 9.617906e-01 9.706638e-01 9.775464e-01 9.839454e-01 9.888773e-01 9.968474e-01 1.001187e+00 1.008597e+00 1.023321e+00 1.034502e+00 1.051975e+00 1.056572e+00 1.222305e+00 1.337374e+00 1.705657e+00 
62 869 3.630613e-01 1.704918e+00 8.839341e-01 8.839341e-01 8.866666e-01 8.892438e-01 8.926814e-01 8.949432e-01 9.026643e-01 9.042955e-01 9.089354e-01 9.156205e-01 9.194680e-01 9.248379e-01 9.299549e-01 9.311937e-01 9.346185e-01 9.425597e-01 9.497200e-01 9.542667e-01 9.618791e-01 9.685406e-01 9.748346e-01 9.815880e-01 9.864742e-01 9.949704e-01 1.000121e+00 1.006878e+00 1.022053e+00 1.035597e+00 1.051425e+00 1.055548e+00 1.222098e+00 1.338446e+00 1.704918e+00 
63 883 3.587395e-01 1.708624e+00 8.820492e-01 8.820492e-01 8.850097e-01 8.892114e-01 8.914193e-01 8.936020e-01 9.005842e-01 9.039530e-01 9.087341e-01 9.136685e-01 9.180254e-01 9.235496e-01 9.280880e-01 9.288112e-01 9.339999e-01 9.416393e-01 9.491368e-01 9.531324e-01 9.618293e-01 9.670092e-01 9.725893e-01 9.797025e-01 9.841117e-01 9.935327e-01 9.979148e-01 1.005173e+00 1.021399e+00 1.039713e+00 1.050707e+00 1.058648e+00 1.226700e+00 1.342017e+00 1.708624e+00 
64 897 3.556923e-01 1.713957e+00 8.801099e-01 8.801099e-01 8.838921e-01 8.875543e-01 8.896822e-01 8.921147e-01 8.992527e-01 9.041287e-01 9.086832e-01 9.129307e-01 9.163305e-01 9.231907e-01 9.260039e-01 9.297130e-01 9.362439e-01 9.441216e-01 9.498897e-01 9.509216e-01 9.613877e-01 9.664408e-01 9.703925e-01 9.788759e-01 9.828420e-01 9.919891e-01 9.967992e-01 1.010449e+00 1.018545e+00 1.040003e+00 1.048243e+00 1.057490e+00 1.227740e+00 1.343163e+00 1.713957e+00 
65 911 3.546018e-01 1.721593e+00 8.787503e-01 8.787503e-01 8.821155e-01 8.863676e-01 8.881644e-01 8.907555e-01 8.983551e-01 9.018412e-01 9.080933e-01 9.110502e-01 9.162649e-01 9.210133e-01 9.250381e-01 9.288711e-01 9.341205e-01 9.428800e-01 9.481822e-01 9.520116e-01 9.628093e-01 9.664110e-01 9.702255e-01 9.798852e-01 9.838723e-01 9.905486e-01 1.001733e+00 1.008915e+00 1.017381e+00 1.041222e+00 1.047205e+00 1.058099e+00 1.234825e+00 1.345539e+00 1.721593e+00 
66 925 3.544986e-01 1.733755e+00 8.762265e-01 8.762265e-01 8.805265e-01 8.841554e-01 8.877664e-01 8.906303e-01 8.963468e-01 9.008767e-01 9.088044e-01 9.105289e-01 9.138011e-01 9.189627e-01 9.245254e-01 9.294816e-01 9.334817e-01 9.417998e-01 9.485130e-01 9.509091e-01 9.612200e-01 9.656119e-01 9.717610e-01 9.794629e-01 9.838335e-01 9.897259e-01 1.000660e+00 1.006650e+00 1.017470e+00 1.039134e+00 1.044877e+00 1.058827e+00 1.240846e+00 1.350783e+00 1.733755e+00 
67 939 3.604728e-01 1.736999e+00 8.746176e-01 8.746176e-01 8.794470e-01 8.842401e-01 8.871802e-01 8.899425e-01 8.945834e-01 8.994594e-01 9.071819e-01 9.114920e-01 9.147946e-01 9.192594e-01 9.236747e-01 9.278848e-01 9.320708e-01 9.448478e-01 9.462541e-01 9.506675e-01 9.609614e-01 9.650096e-01 9.714488e-01 9.783970e-01 9.825048e-01 9.894820e-01 1.001460e+00 1.006894e+00 1.021038e+00 1.039688e+00 1.046732e+00 1.058330e+00 1.247983e+00 1.351385e+00 1.736999e+00 
68 953 3.664037e-01 1.738216e+00 8.736874e-01 8.736874e-01 8.776001e-01 8.826352e-01 8.859853e-01 8.907086e-01 8.942417e-01 8.986525e-01 9.063660e-01 9.117036e-01 9.167291e-01 9.206739e-01 9.246322e-01 9.286486e-01 9.317284e-01 9.436933e-01 9.448329e-01 9.515848e-01 9.602485e-01 9.664160e-01 9.696466e-01 9.771713e-01 9.825200e-01 9.880663e-01 1.003026e+00 1.016940e+00 1.022584e+00 1.041448e+00 1.045355e+00 1.059077e+00 1.250292e+00 1.353231e+00 1.738216e+00 
69 967 3.663914e-01 1.734796e+00 8.723182e-01 8.723182e-01 8.757172e-01 8.802961e-01 8.853380e-01 8.895581e-01 8.934789e-01 8.966775e-01 9.054022e-01 9.097518e-01 9.144129e-01 9.183101e-01 9.236019e-01 9.276415e-01 9.335459e-01 9.429760e-01 9.441462e-01 9.570999e-01 9.602558e-01 9.666948e-01 9.722333e-01 9.789419e-01 9.827551e-01 9.858294e-01 1.002653e+00 1.016188e+00 1.028996e+00 1.039576e+00 1.044397e+00 1.060384e+00 1.251233e+00 1.351561e+00 1.734796e+00 
70 981 3.588836e-01 1.732093e+00 8.702615e-01 8.702615e-01 8.763415e-01 8.802390e-01 8.846362e-01 8.884455e-01 8.907895e-01 8.950634e-01 9.032120e-01 9.084903e-01 9.129939e-01 9.173128e-01 9.222063e-01 9.260583e-01 9.321127e-01 9.404513e-01 9.465102e-01 9.562284e-01 9.595747e-01 9.660352e-01 9.712002e-01 9.801098e-01 9.831965e-01 9.852419e-01 1.006864e+00 1.015217e+00 1.027626e+00 1.037406e+00 1.043526e+00 1.061744e+00 1.251789e+00 1.349359e+00 1.732093e+00 
71 995 3.533472e-01 1.729733e+00 8.686872e-01 8.686872e-01 8.749258e-01 8.781555e-01 8.853508e-01 8.859875e-01 8.885679e-01 8.974442e-01 9.056821e-01 9.070998e-01 9.129989e-01 9.168946e-01 9.214163e-01 9.263030e-01 9.300950e-01 9.395279e-01 9.458754e-01 9.550725e-01 9.578538e-01 9.640051e-01 9.709272e-01 9.805616e-01 9.822218e-01 9.868625e-01 1.010108e+00 1.013082e+00 1.029001e+00 1.039169e+00 1.045583e+00 1.061503e+00 1.253299e+00 1.347027e+00 1.729733e+00 
72 1009 3.477739e-01 1.727600e+00 8.689472e-01 8.689472e-01 8.732879e-01 8.767931e-01 8.833051e-01 8.850110e-01 8.874485e-01 8.966597e-01 9.039678e-01 9.083719e-01 9.135638e-01 9.155158e-01 9.218296e-01 9.279006e-01 9.305884e-01 9.391933e-01 9.433647e-01 9.550301e-01 9.561990e-01 9.621969e-01 9.701510e-01 9.786281e-01 9.825015e-01 9.894994e-01 1.009984e+00 1.012778e+00 1.031982e+00 1.039696e+00 1.046115e+00 1.060937e+00 1.253127e+00 1.346491e+00 1.727600e+00 
73 1023 3.475546e-01 1.736064e+00 8.670376e-01 8.670376e-01 8.711901e-01 8.751052e-01 8.822210e-01 8.834467e-01 8.867718e-01 8.969023e-01 9.026133e-01 9.105990e-01 9.112591e-01 9.151041e-01 9.220670e-01 9.259319e-01 9.293018e-01 9.391698e-01 9.408759e-01 9.548667e-01 9.578494e-01 9.607665e-01 9.682480e-01 9.777793e-01 9.833593e-01 9.890782e-01 1.010886e+00 1.012635e+00 1.032563e+00 1.042043e+00 1.049029e+00 1.060223e+00 1.251156e+00 1.346596e+00 1.736064e+00 
74 1037 3.446925e-01 1.735998e+00 8.656756e-01 8.656756e-01 8.695637e-01 8.735109e-01 8.813494e-01 8.840111e-01 8.855665e-01 8.959330e-01 9.019532e-01 9.099949e-01 9.113809e-01 9.133090e-01 9.223582e-01 9.238797e-01 9.283279e-01 9.380538e-01 9.386493e-01 9.550252e-01 9.581029e-01 9.604394e-01 9.667785e-01 9.768413e-01 9.847131e-01 9.883928e-01 1.011567e+00 1.012963e+00 1.033249e+00 1.040214e+00 1.050052e+00 1.065354e+00 1.253413e+00 1.344571e+00 1.735998e+00 
75 1051 3.386539e-01 1.733857e+00 8.639265e-01 8.639265e-01 8.671832e-01 8.721785e-01 8.817122e-01 8.838731e-01 8.847403e-01 8.994190e-01 9.001660e-01 9.097067e-01 9.113008e-01 9.121604e-01 9.214469e-01 9.227695e-01 9.274044e-01 9.364463e-01 9.397848e-01 9.544776e-01 9.566164e-01 9.637935e-01 9.662707e-01 9.775811e-01 9.848840e-01 9.887797e-01 1.011261e+00 1.015471e+00 1.036298e+00 1.039061e+00 1.050229e+00 1.067203e+00 1.253562e+00 1.342026e+00 1.733857e+00 
76 1065 3.398306e-01 1.730472e+00 8.622659e-01 8.622659e-01 8.658037e-01 8.707107e-01 8.798231e-01 8.821888e-01 8.855037e-01 8.983017e-01 9.017465e-01 9.082230e-01 9.111946e-01 9.112969e-01 9.207965e-01 9.217509e-01 9.285788e-01 9.348301e-01 9.386700e-01 9.528513e-01 9.566712e-01 9.632121e-01 9.659404e-01 9.764627e-01 9.831798e-01 9.870519e-01 1.010327e+00 1.019231e+00 1.034868e+00 1.037170e+00 1.053452e+00 1.076328e+00 1.255744e+00 1.339463e+00 1.730472e+00 
77 1079 3.450858e-01 1.734390e+00 8.608616e-01 8.608616e-01 8.639721e-01 8.707968e-01 8.786416e-01 8.830951e-01 8.864722e-01 8.967812e-01 9.004785e-01 9.076678e-01 9.099026e-01 9.099910e-01 9.189643e-01 9.228001e-01 9.294087e-01 9.333909e-01 9.377641e-01 9.548157e-01 9.565370e-01 9.636086e-01 9.682016e-01 9.760563e-01 9.816381e-01 9.846669e-01 1.009571e+00 1.027034e+00 1.032251e+00 1.034654e+00 1.052246e+00 1.093262e+00 1.254349e+00 1.338098e+00 1.734390e+00 
78 1093 3.346116e-01 1.732181e+00 8.584478e-01 8.584478e-01 8.621738e-01 8.691677e-01 8.779243e-01 8.825888e-01 8.848960e-01 8.975969e-01 9.004046e-01 9.057142e-01 9.090131e-01 9.146618e-01 9.173669e-01 9.212337e-01 9.273964e-01 9.313819e-01 9.358214e-01 9.525030e-01 9.550737e-01 9.619383e-01 9.655719e-01 9.755549e-01 9.795188e-01 9.830814e-01 1.008129e+00 1.027255e+00 1.033319e+00 1.034708e+00 1.050401e+00 1.102859e+00 1.252853e+00 1.338383e+00 1.732181e+00 
79 1107 3.280318e-01 1.729696e+00 8.561593e-01 8.561593e-01 8.599980e-01 8.680156e-01 8.762571e-01 8.817823e-01 8.832355e-01 8.962160e-01 9.000085e-01 9.034927e-01 9.097208e-01 9.131267e-01 9.168203e-01 9.202284e-01 9.263456e-01 9.324577e-01 9.350961e-01 9.508185e-01 9.556245e-01 9.630885e-01 9.687364e-01 9.769888e-01 9.777310e-01 9.813681e-01 1.007121e+00 1.027149e+00 1.032645e+00 1.034346e+00 1.050828e+00 1.113320e+00 1.253810e+00 1.338687e+00 1.729696e+00 
80 1121 3.200898e-01 1.725964e+00 8.546479e-01 8.546479e-01 8.575928e-01 8.707368e-01 8.769745e-01 8.808991e-01 8.815498e-01 8.944031e-01 9.012785e-01 9.020604e-01 9.097291e-01 9.111781e-01 9.147699e-01 9.190217e-01 9.251741e-01 9.309299e-01 9.339836e-01 9.488790e-01 9.539169e-01 9.615046e-01 9.682997e-01 9.759923e-01 9.790591e-01 9.840130e-01 1.006945e+00 1.027281e+00 1.031151e+00 1.037131e+00 1.048923e+00 1.121740e+00 1.253956e+00 1.335636e+00 1.725964e+00 
81 1135 3.129861e-01 1.723425e+00 8.531258e-01 8.531258e-01 8.580184e-01 8.693706e-01 8.777392e-01 8.791851e-01 8.845932e-01 8.927615e-01 8.987877e-01 9.018994e-01 9.083069e-01 9.109051e-01 9.136924e-01 9.186570e-01 9.255601e-01 9.296434e-01 9.341541e-01 9.469301e-01 9.546508e-01 9.608347e-01 9.670800e-01 9.739325e-01 9.777037e-01 9.895361e-01 1.004839e+00 1.025992e+00 1.029980e+00 1.035117e+00 1.052883e+00 1.131679e+00 1.251540e+00 1.333992e+00 1.723425e+00 
82 1149 3.071411e-01 1.721469e+00 8.515627e-01 8.515627e-01 8.563033e-01 8.684351e-01 8.761439e-01 8.801048e-01 8.828264e-01 8.914418e-01 8.974735e-01 9.023213e-01 9.080407e-01 9.098752e-01 9.141137e-01 9.228675e-01 9.235550e-01 9.279365e-01 9.368694e-01 9.470255e-01 9.538066e-01 9.610133e-01 9.666552e-01 9.733105e-01 9.771715e-01 9.911257e-01 1.002350e+00 1.023215e+00 1.028690e+00 1.034676e+00 1.050074e+00 1.139521e+00 1.251526e+00 1.333269e+00 1.721469e+00 
83 1163 2.962036e-01 1.718419e+00 8.498168e-01 8.498168e-01 8.563136e-01 8.682011e-01 8.744782e-01 8.788708e-01 8.811556e-01 8.894102e-01 8.957238e-01 9.010408e-01 9.072939e-01 9.107304e-01 9.129961e-01 9.219531e-01 9.239487e-01 9.292024e-01 9.357901e-01 9.464016e-01 9.534620e-01 9.605603e-01 9.662430e-01 9.717945e-01 9.763446e-01 9.908665e-01 1.002475e+00 1.021098e+00 1.029056e+00 1.034667e+00 1.053197e+00 1.140138e+00 1.249279e+00 1.333958e+00 1.718419e+00 
84 1177 2.868111e-01 1.714853e+00 8.491068e-01 8.491068e-01 8.547791e-01 8.667822e-01 8.743906e-01 8.783464e-01 8.846262e-01 8.899752e-01 8.962436e-01 9.004442e-01 9.060015e-01 9.099905e-01 9.125290e-01 9.198172e-01 9.222008e-01 9.281977e-01 9.353825e-01 9.463291e-01 9.515225e-01 9.592827e-01 9.659810e-01 9.696252e-01 9.752329e-01 9.893168e-01 1.000792e+00 1.019997e+00 1.028866e+00 1.035532e+00 1.052850e+00 1.139485e+00 1.247641e+00 1.333283e+00 1.714853e+00 
85 1191 2.809182e-01 1.713440e+00 8.472531e-01 8.472531e-01 8.522516e-01 8.661417e-01 8.746589e-01 8.785083e-01 8.870470e-01 8.894746e-01 8.939769e-01 8.996827e-01 9.041859e-01 9.086281e-01 9.125521e-01 9.188903e-01 9.221594e-01 9.270091e-01 9.379601e-01 9.443414e-01 9.507277e-01 9.586807e-01 9.646421e-01 9.684448e-01 9.766525e-01 9.888671e-01 1.000408e+00 1.023118e+00 1.030455e+00 1.035466e+00 1.055798e+00 1.141205e+00 1.245407e+00 1.335821e+00 1.713440e+00 
86 1205 2.722048e-01 1.709910e+00 8.453438e-01 8.453438e-01 8.505718e-01 8.658174e-01 8.747421e-01 8.766859e-01 8.872669e-01 8.898200e-01 8.920304e-01 8.975763e-01 9.021006e-01 9.080813e-01 9.110346e-01 9.171095e-01 9.216871e-01 9.275619e-01 9.369414e-01 9.422715e-01 9.497915e-01 9.579495e-01 9.633255e-01 9.661786e-01 9.769710e-01 9.873229e-01 9.993315e-01 1.021180e+00 1.029013e+00 1.034317e+00 1.056511e+00 1.147123e+00 1.242372e+00 1.337780e+00 1.709910e+00 
87 1219 2.672542e-01 1.706707e+00 8.458518e-01 8.458518e-01 8.499019e-01 8.654701e-01 8.725181e-01 8.757958e-01 8.849336e-01 8.909548e-01 8.943587e-01 8.965744e-01 9.001224e-01 9.060295e-01 9.103220e-01 9.175163e-01 9.209343e-01 9.274529e-01 9.389802e-01 9.431973e-01 9.522403e-01 9.583751e-01 9.617779e-01 9.648539e-01 9.758295e-01 9.845185e-01 1.000562e+00 1.018948e+00 1.026440e+00 1.035984e+00 1.056351e+00 1.153339e+00 1.240601e+00 1.335068e+00 1.706707e+00 
88 1233 2.637013e-01 1.705564e+00 8.445247e-01 8.445247e-01 8.481812e-01 8.644339e-01 8.704337e-01 8.747705e-01 8.840843e-01 8.898950e-01 8.941296e-01 8.947349e-01 9.019636e-01 9.044640e-01 9.087750e-01 9.159031e-01 9.199071e-01 9.261069e-01 9.395597e-01 9.420740e-01 9.516654e-01 9.582213e-01 9.606973e-01 9.647895e-01 9.766057e-01 9.824529e-01 1.000584e+00 1.018355e+00 1.023613e+00 1.035662e+00 1.056239e+00 1.159038e+00 1.238780e+00 1.333359e+00 1.705564e+00 
89 1247 2.606648e-01 1.704534e+00 8.439479e-01 8.439479e-01 8.457764e-01 8.651717e-01 8.698661e-01 8.737108e-01 8.833324e-01 8.879176e-01 8.934456e-01 8.956322e-01 9.020889e-01 9.030341e-01 9.102542e-01 9.160386e-01 9.220246e-01 9.239191e-01 9.395127e-01 9.411230e-01 9.523760e-01 9.566710e-01 9.592818e-01 9.658514e-01 9.789029e-01 9.839391e-01 9.984536e-01 1.017439e+00 1.022689e+00 1.037017e+00 1.064590e+00 1.160806e+00 1.236684e+00 1.332323e+00 1.704534e+00 
90 1261 2.597048e-01 1.702323e+00 8.422120e-01 8.422120e-01 8.447735e-01 8.644335e-01 8.679404e-01 8.719297e-01 8.814939e-01 8.867429e-01 8.920614e-01 8.935195e-01 9.015403e-01 9.030414e-01 9.125837e-01 9.153614e-01 9.210649e-01 9.277217e-01 9.382633e-01 9.422005e-01 9.509421e-01 9.554583e-01 9.605056e-01 9.637015e-01 9.790965e-01 9.831819e-01 9.979678e-01 1.018872e+00 1.021349e+00 1.035652e+00 1.073716e+00 1.162644e+00 1.240716e+00 1.330516e+00 1.702323e+00 
91 1275 2.561595e-01 1.700102e+00 8.403068e-01 8.403068e-01 8.430994e-01 8.620481e-01 8.665199e-01 8.700062e-01 8.798081e-01 8.856943e-01 8.898802e-01 8.930851e-01 9.002230e-01 9.009815e-01 9.132353e-01 9.158512e-01 9.226582e-01 9.274837e-01 9.381217e-01 9.399877e-01 9.492278e-01 9.552089e-01 9.587876e-01 9.621843e-01 9.801102e-01 9.833659e-01 9.978370e-01 1.017125e+00 1.023272e+00 1.034226e+00 1.080154e+00 1.171922e+00 1.238020e+00 1.329428e+00 1.700102e+00 
92 1289 2.522416e-01 1.699840e+00 8.383313e-01 8.383313e-01 8.417333e-01 8.604827e-01 8.657183e-01 8.693390e-01 8.776487e-01 8.839410e-01 8.878454e-01 8.928665e-01 8.981806e-01 8.995621e-01 9.125822e-01 9.156378e-01 9.218071e-01 9.257626e-01 9.371429e-01 9.396773e-01 9.485867e-01 9.536028e-01 9.576800e-01 9.611183e-01 9.791435e-01 9.821368e-01 9.982879e-01 1.014636e+00 1.021612e+00 1.034356e+00 1.083699e+00 1.174076e+00 1.235071e+00 1.328656e+00 1.699840e+00 
93 1303 2.468707e-01 1.699784e+00 8.366338e-01 8.366338e-01 8.402302e-01 8.604728e-01 8.641727e-01 8.694138e-01 8.765119e-01 8.816318e-01 8.874065e-01 8.946328e-01 8.967811e-01 8.989510e-01 9.112778e-01 9.154923e-01 9.202026e-01 9.261160e-01 9.360866e-01 9.410640e-01 9.479956e-01 9.522462e-01 9.564365e-01 9.607985e-01 9.787798e-01 9.859093e-01 9.986800e-01 1.014033e+00 1.019940e+00 1.038826e+00 1.088190e+00 1.178099e+00 1.234932e+00 1.329063e+00 1.699784e+00 
94 1317 2.407811e-01 1.702543e+00 8.345442e-01 8.345442e-01 8.389497e-01 8.613462e-01 8.639905e-01 8.673692e-01 8.751005e-01 8.810620e-01 8.852179e-01 8.939131e-01 8.962841e-01 8.986770e-01 9.099756e-01 9.148612e-01 9.234902e-01 9.266095e-01 9.334828e-01 9.389517e-01 9.477883e-01 9.520424e-01 9.546183e-01 9.605248e-01 9.787044e-01 9.834166e-01 9.999567e-01 1.015306e+00 1.019121e+00 1.038743e+00 1.087476e+00 1.179477e+00 1.233230e+00 1.325492e+00 1.702543e+00 
95 1331 2.382459e-01 1.701838e+00 8.325519e-01 8.325519e-01 8.383049e-01 8.592129e-01 8.630399e-01 8.652560e-01 8.738990e-01 8.798449e-01 8.861875e-01 8.928039e-01 8.955565e-01 8.975963e-01 9.110814e-01 9.137937e-01 9.225056e-01 9.249385e-01 9.321311e-01 9.378571e-01 9.478312e-01 9.521027e-01 9.533350e-01 9.611637e-01 9.778286e-01 9.815143e-01 9.991787e-01 1.014631e+00 1.017823e+00 1.045180e+00 1.086105e+00 1.181366e+00 1.235423e+00 1.330323e+00 1.701838e+00 
96 1345 2.369251e-01 1.703865e+00 8.312738e-01 8.312738e-01 8.362668e-01 8.578691e-01 8.614232e-01 8.661889e-01 8.733060e-01 8.786857e-01 8.855692e-01 8.925690e-01 8.947556e-01 8.972152e-01 9.094159e-01 9.142797e-01 9.215432e-01 9.230133e-01 9.325868e-01 9.370336e-01 9.465124e-01 9.510688e-01 9.525048e-01 9.617952e-01 9.751862e-01 9.825549e-01 9.983460e-01 1.014343e+00 1.015707e+00 1.049858e+00 1.084476e+00 1.185304e+00 1.234160e+00 1.329347e+00 1.703865e+00 
97 1359 2.312365e-01 1.704173e+00 8.293818e-01 8.293818e-01 8.345184e-01 8.562384e-01 8.607183e-01 8.651274e-01 8.728583e-01 8.776062e-01 8.845319e-01 8.925863e-01 8.933700e-01 8.973110e-01 9.080618e-01 9.133460e-01 9.196706e-01 9.214087e-01 9.333500e-01 9.384292e-01 9.467001e-01 9.511182e-01 9.538939e-01 9.625922e-01 9.742699e-01 9.805017e-01 9.987054e-01 1.013375e+00 1.014553e+00 1.052628e+00 1.082914e+00 1.186124e+00 1.231785e+00 1.327078e+00 1.704173e+00 
98 1373 2.289028e-01 1.703821e+00 8.279088e-01 8.279088e-01 8.337778e-01 8.566282e-01 8.620504e-01 8.645286e-01 8.714381e-01 8.762374e-01 8.898612e-01 8.910803e-01 8.951991e-01 8.984338e-01 9.065451e-01 9.121592e-01 9.181536e-01 9.218338e-01 9.314969e-01 9.381128e-01 9.451000e-01 9.523897e-01 9.564830e-01 9.665989e-01 9.730568e-01 9.840226e-01 9.995543e-01 1.012021e+00 1.015932e+00 1.056421e+00 1.083079e+00 1.185713e+00 1.229575e+00 1.328377e+00 1.703821e+00 
99 1387 2.244232e-01 1.703291e+00 8.264428e-01 8.264428e-01 8.327928e-01 8.558529e-01 8.612182e-01 8.640575e-01 8.702064e-01 8.766770e-01 8.891097e-01 8.930888e-01 8.949140e-01 9.021226e-01 9.065461e-01 9.145560e-01 9.163752e-01 9.216258e-01 9.308885e-01 9.371990e-01 9.437394e-01 9.524284e-01 9.552078e-01 9.685546e-01 9.729488e-01 9.848184e-01 9.991295e-01 1.012057e+00 1.014287e+00 1.055024e+00 1.085465e+00 1.185876e+00 1.227663e+00 1.325969e+00 1.703291e+00 
100 1401 2.227298e-01 1.700975e+00 8.270456e-01 8.270456e-01 8.312672e-01 8.553964e-01 8.598986e-01 8.636878e-01 8.710490e-01 8.748930e-01 8.872165e-01 8.912339e-01 8.939351e-01 9.004884e-01 9.077772e-01 9.144027e-01 9.175186e-01 9.236035e-01 9.299142e-01 9.347558e-01 9.454811e-01 9.503359e-01 9.542429e-01 9.703778e-01 9.789413e-01 9.874353e-01 1.001019e+00 1.010085e+00 1.017213e+00 1.055828e+00 1.087236e+00 1.183637e+00 1.227580e+00 1.323059e+00 1.700975e+00 
101 1415 2.162818e-01 1.698643e+00 8.258381e-01 8.258381e-01 8.326891e-01 8.559495e-01 8.587780e-01 8.619389e-01 8.711852e-01 8.747788e-01 8.881882e-01 8.893023e-01 8.939812e-01 8.994503e-01 9.076981e-01 9.124758e-01 9.163682e-01 9.235408e-01 9.298876e-01 9.337251e-01 9.441392e-01 9.496356e-01 9.555596e-01 9.684055e-01 9.780347e-01 9.897211e-01 1.001538e+00 1.008152e+00 1.020219e+00 1.056448e+00 1.087555e+00 1.184022e+00 1.225054e+00 1.321033e+00 1.698643e+00 
102 1429 2.061191e-01 1.695513e+00 8.247919e-01 8.247919e-01 8.313030e-01 8.576556e-01 8.588078e-01 8.643827e-01 8.693214e-01 8.731463e-01 8.861652e-01 8.912148e-01 8.954107e-01 8.971105e-01 9.066003e-01 9.122918e-01 9.149227e-01 9.230612e-01 9.293784e-01 9.314343e-01 9.441400e-01 9.482250e-01 9.552393e-01 9.675053e-01 9.773248e-01 9.897832e-01 1.001031e+00 1.007226e+00 1.025193e+00 1.053520e+00 1.085362e+00 1.182226e+00 1.225158e+00 1.320048e+00 1.695513e+00 
103 1443 1.980262e-01 1.692876e+00 8.235457e-01 8.235457e-01 8.301708e-01 8.555702e-01 8.571983e-01 8.634598e-01 8.678968e-01 8.713889e-01 8.843959e-01 8.897308e-01 8.965620e-01 8.981005e-01 9.055552e-01 9.099910e-01 9.158466e-01 9.212644e-01 9.292226e-01 9.312238e-01 9.435401e-01 9.490145e-01 9.558456e-01 9.662239e-01 9.748021e-01 9.899050e-01 9.999841e-01 1.004755e+00 1.026019e+00 1.054419e+00 1.084035e+00 1.184044e+00 1.226673e+00 1.322213e+00 1.692876e+00 
104 1457 1.913382e-01 1.691755e+00 8.234369e-01 8.234369e-01 8.284983e-01 8.548647e-01 8.567520e-01 8.616393e-01 8.665280e-01 8.709841e-01 8.821615e-01 8.910378e-01 8.966420e-01 8.988879e-01 9.075850e-01 9.104380e-01 9.158774e-01 9.216835e-01 9.276627e-01 9.302141e-01 9.442569e-01 9.490981e-01 9.548678e-01 9.637797e-01 9.735062e-01 9.897701e-01 9.994318e-01 1.004903e+00 1.027647e+00 1.052701e+00 1.087928e+00 1.183214e+00 1.224704e+00 1.319922e+00 1.691755e+00 
105 1471 1.830442e-01 1.688847e+00 8.217184e-01 8.217184e-01 8.267007e-01 8.527655e-01 8.556716e-01 8.601724e-01 8.650056e-01 8.698206e-01 8.809963e-01 8.891338e-01 8.961784e-01 8.979040e-01 9.083350e-01 9.096791e-01 9.149218e-01 9.211763e-01 9.265759e-01 9.280979e-01 9.440905e-01 9.490861e-01 9.556905e-01 9.617180e-01 9.732226e-01 9.914008e-01 9.998778e-01 1.007191e+00 1.028954e+00 1.050617e+00 1.088709e+00 1.185668e+00 1.224849e+00 1.317865e+00 1.688847e+00 
106 1485 1.758354e-01 1.687679e+00 8.198208e-01 8.198208e-01 8.245679e-01 8.505868e-01 8.550366e-01 8.589426e-01 8.646231e-01 8.688900e-01 8.791700e-01 8.878898e-01 8.947329e-01 8.965803e-01 9.073060e-01 9.080625e-01 9.148705e-01 9.209615e-01 9.262579e-01 9.325270e-01 9.437878e-01 9.477060e-01 9.536949e-01 9.635483e-01 9.709869e-01 9.903161e-01 1.000829e+00 1.005889e+00 1.029898e+00 1.048777e+00 1.088340e+00 1.184738e+00 1.226998e+00 1.314464e+00 1.687679e+00 
107 1499 1.712127e-01 1.684332e+00 8.180380e-01 8.180380e-01 8.238344e-01 8.482799e-01 8.562188e-01 8.576681e-01 8.627315e-01 8.678985e-01 8.777779e-01 8.859223e-01 8.933387e-01 8.955634e-01 9.058632e-01 9.083920e-01 9.126907e-01 9.237299e-01 9.285574e-01 9.364831e-01 9.432757e-01 9.490993e-01 9.556685e-01 9.612628e-01 9.690525e-01 9.897053e-01 1.000205e+00 1.005068e+00 1.029773e+00 1.047795e+00 1.087535e+00 1.182404e+00 1.225553e+00 1.313515e+00 1.684332e+00 
108 1513 1.673586e-01 1.689286e+00 8.166353e-01 8.166353e-01 8.222567e-01 8.461068e-01 8.544324e-01 8.558453e-01 8.608684e-01 8.684694e-01 8.761409e-01 8.846061e-01 8.932115e-01 8.945752e-01 9.032881e-01 9.064348e-01 9.145851e-01 9.219410e-01 9.280821e-01 9.348622e-01 9.432766e-01 9.501057e-01 9.560326e-01 9.609255e-01 9.698506e-01 9.872838e-01 9.985465e-01 1.004750e+00 1.031203e+00 1.051413e+00 1.088858e+00 1.179961e+00 1.225067e+00 1.313174e+00 1.689286e+00 
109 1527 1.635441e-01 1.688946e+00 8.188169e-01 8.188169e-01 8.217990e-01 8.466999e-01 8.537003e-01 8.545084e-01 8.604900e-01 8.665049e-01 8.758847e-01 8.829814e-01 8.907195e-01 8.936196e-01 9.013586e-01 9.070139e-01 9.139071e-01 9.201297e-01 9.268196e-01 9.329514e-01 9.436947e-01 9.500301e-01 9.543663e-01 9.607417e-01 9.715666e-01 9.859277e-01 9.965778e-01 1.003188e+00 1.036702e+00 1.052574e+00 1.088363e+00 1.181738e+00 1.223683e+00 1.311654e+00 1.688946e+00 
110 1541 1.620400e-01 1.690676e+00 8.170359e-01 8.170359e-01 8.205011e-01 8.463995e-01 8.513110e-01 8.529557e-01 8.590574e-01 8.661156e-01 8.748042e-01 8.811621e-01 8.892441e-01 8.936939e-01 8.996070e-01 9.086633e-01 9.153449e-01 9.199454e-01 9.257216e-01 9.349309e-01 9.431135e-01 9.498204e-01 9.539747e-01 9.667987e-01 9.703983e-01 9.878904e-01 9.943044e-01 1.002843e+00 1.035492e+00 1.058123e+00 1.088789e+00 1.180338e+00 1.222586e+00 1.311568e+00 1.690676e+00 
111 1555 1.611527e-01 1.686690e+00 8.153796e-01 8.153796e-01 8.213101e-01 8.447569e-01 8.496232e-01 8.508458e-01 8.580731e-01 8.650455e-01 8.752335e-01 8.794320e-01 8.880420e-01 8.915562e-01 8.992538e-01 9.074859e-01 9.129368e-01 9.179437e-01 9.237798e-01 9.347112e-01 9.407148e-01 9.473970e-01 9.516034e-01 9.672379e-01 9.740940e-01 9.858858e-01 9.919673e-01 1.004675e+00 1.033519e+00 1.064438e+00 1.088834e+00 1.182311e+00 1.221236e+00 1.310949e+00 1.686690e+00 
112 1569 1.617670e-01 1.683090e+00 8.143544e-01 8.143544e-01 8.197214e-01 8.433174e-01 8.479709e-01 8.502099e-01 8.596348e-01 8.637519e-01 8.730597e-01 8.799737e-01 8.855013e-01 8.923539e-01 8.974020e-01 9.051010e-01 9.111224e-01 9.167212e-01 9.241174e-01 9.343493e-01 9.395824e-01 9.461553e-01 9.521447e-01 9.666307e-01 9.743434e-01 9.857825e-01 9.935614e-01 1.009624e+00 1.031018e+00 1.075582e+00 1.088636e+00 1.180157e+00 1.220596e+00 1.313127e+00 1.683090e+00 
113 1583 1.622758e-01 1.681337e+00 8.137504e-01 8.137504e-01 8.188340e-01 8.422784e-01 8.484133e-01 8.495049e-01 8.584154e-01 8.629875e-01 8.722633e-01 8.785013e-01 8.845321e-01 8.915572e-01 8.955765e-01 9.038432e-01 9.117951e-01 9.168022e-01 9.259146e-01 9.353714e-01 9.374497e-01 9.476832e-01 9.520342e-01 9.646643e-01 9.757011e-01 9.858633e-01 9.912678e-01 1.011397e+00 1.031083e+00 1.083624e+00 1.093662e+00 1.178346e+00 1.217866e+00 1.313412e+00 1.681337e+00 
114 1597 1.646172e-01 1.679506e+00 8.121099e-01 8.121099e-01 8.174593e-01 8.402985e-01 8.467018e-01 8.493136e-01 8.572456e-01 8.630451e-01 8.705566e-01 8.780316e-01 8.821906e-01 8.916593e-01 8.943565e-01 9.026053e-01 9.112573e-01 9.147912e-01 9.255095e-01 9.355843e-01 9.379827e-01 9.451015e-01 9.514647e-01 9.650467e-01 9.761844e-01 9.858680e-01 9.912962e-01 1.011978e+00 1.034721e+00 1.083760e+00 1.108704e+00 1.176987e+00 1.217740e+00 1.313971e+00 1.679506e+00 
115 1611 1.698548e-01 1.678393e+00 8.104384e-01 8.104384e-01 8.153772e-01 8.381818e-01 8.453321e-01 8.487211e-01 8.582386e-01 8.614639e-01 8.699070e-01 8.780526e-01 8.817144e-01 8.906762e-01 8.941001e-01 9.007811e-01 9.088422e-01 9.140050e-01 9.242120e-01 9.338332e-01 9.355753e-01 9.459597e-01 9.531846e-01 9.688511e-01 9.758930e-01 9.838936e-01 9.918447e-01 1.019179e+00 1.034605e+00 1.082200e+00 1.125195e+00 1.176229e+00 1.218133e+00 1.316178e+00 1.678393e+00 
116 1625 1.705927e-01 1.675805e+00 8.092356e-01 8.092356e-01 8.139507e-01 8.363662e-01 8.434581e-01 8.503515e-01 8.561220e-01 8.593696e-01 8.696268e-01 8.763022e-01 8.795284e-01 8.903916e-01 8.930084e-01 8.999875e-01 9.076479e-01 9.131567e-01 9.223032e-01 9.317674e-01 9.334135e-01 9.441245e-01 9.559270e-01 9.673794e-01 9.753116e-01 9.831013e-01 9.903872e-01 1.018583e+00 1.035040e+00 1.080705e+00 1.137055e+00 1.173850e+00 1.216303e+00 1.318833e+00 1.675805e+00 
117 1639 1.724808e-01 1.675813e+00 8.075990e-01 8.075990e-01 8.118605e-01 8.342971e-01 8.427723e-01 8.492293e-01 8.548620e-01 8.573680e-01 8.686137e-01 8.748714e-01 8.798626e-01 8.880947e-01 8.916380e-01 8.992867e-01 9.052242e-01 9.114006e-01 9.228030e-01 9.294069e-01 9.340224e-01 9.430713e-01 9.575347e-01 9.687021e-01 9.733793e-01 9.833491e-01 9.922700e-01 1.020036e+00 1.034922e+00 1.078525e+00 1.149106e+00 1.172089e+00 1.215122e+00 1.318118e+00 1.675813e+00 
118 1653 1.731156e-01 1.673106e+00 8.073073e-01 8.073073e-01 8.129866e-01 8.330479e-01 8.410689e-01 8.476369e-01 8.535976e-01 8.577935e-01 8.674400e-01 8.730662e-01 8.798945e-01 8.873452e-01 8.911148e-01 9.003752e-01 9.032624e-01 9.099815e-01 9.235232e-01 9.314211e-01 9.319155e-01 9.440685e-01 9.591073e-01 9.673897e-01 9.720039e-01 9.838044e-01 9.920071e-01 1.024806e+00 1.034488e+00 1.077657e+00 1.156620e+00 1.171304e+00 1.215870e+00 1.321543e+00 1.673106e+00 
119 1667 1.722228e-01 1.670468e+00 8.061543e-01 8.061543e-01 8.120832e-01 8.319151e-01 8.395183e-01 8.470118e-01 8.521811e-01 8.563034e-01 8.663969e-01 8.716656e-01 8.785835e-01 8.875723e-01 8.917077e-01 8.989526e-01 9.032030e-01 9.079402e-01 9.221671e-01 9.296683e-01 9.357889e-01 9.429179e-01 9.635318e-01 9.670454e-01 9.757836e-01 9.824985e-01 9.927296e-01 1.025472e+00 1.033189e+00 1.076224e+00 1.160510e+00 1.171949e+00 1.215631e+00 1.322233e+00 1.670468e+00 
120 1681 1.701586e-01 1.667691e+00 8.051810e-01 8.051810e-01 8.104055e-01 8.299352e-01 8.406345e-01 8.474254e-01 8.506626e-01 8.566646e-01 8.659717e-01 8.693757e-01 8.764266e-01 8.861516e-01 8.925277e-01 8.970581e-01 9.016701e-01 9.138986e-01 9.201597e-01 9.280321e-01 9.337666e-01 9.444573e-01 9.622944e-01 9.649092e-01 9.762697e-01 9.820764e-01 9.947243e-01 1.023687e+00 1.034317e+00 1.076860e+00 1.162126e+00 1.171256e+00 1.214895e+00 1.324177e+00 1.667691e+00 
121 1695 1.684463e-01 1.663773e+00 8.032052e-01 8.032052e-01 8.087685e-01 8.284011e-01 8.394362e-01 8.456137e-01 8.508673e-01 8.562820e-01 8.650352e-01 8.688672e-01 8.753159e-01 8.875434e-01 8.916727e-01 8.956715e-01 9.009855e-01 9.122470e-01 9.181667e-01 9.261927e-01 9.325217e-01 9.450953e-01 9.627886e-01 9.652204e-01 9.775331e-01 9.816947e-01 9.945487e-01 1.024941e+00 1.034817e+00 1.076109e+00 1.162581e+00 1.172478e+00 1.213290e+00 1.326565e+00 1.663773e+00 
122 1709 1.663898e-01 1.661138e+00 8.018368e-01 8.018368e-01 8.078751e-01 8.272592e-01 8.376751e-01 8.443542e-01 8.485640e-01 8.574794e-01 8.647456e-01 8.675632e-01 8.743407e-01 8.860886e-01 8.901990e-01 8.936417e-01 8.998612e-01 9.106756e-01 9.216833e-01 9.240385e-01 9.316278e-01 9.443709e-01 9.602456e-01 9.647841e-01 9.791474e-01 9.804045e-01 9.951341e-01 1.025488e+00 1.033561e+00 1.080536e+00 1.160431e+00 1.177204e+00 1.212015e+00 1.323862e+00 1.661138e+00 
123 1723 1.652964e-01 1.658531e+00 8.004934e-01 8.004934e-01 8.057900e-01 8.254170e-01 8.361895e-01 8.423292e-01 8.475779e-01 8.579684e-01 8.632953e-01 8.703620e-01 8.730846e-01 8.858338e-01 8.904388e-01 8.919798e-01 9.002784e-01 9.088814e-01 9.212091e-01 9.221773e-01 9.327448e-01 9.438624e-01 9.584568e-01 9.665557e-01 9.767926e-01 9.793306e-01 9.943302e-01 1.024592e+00 1.032767e+00 1.080208e+00 1.160344e+00 1.182037e+00 1.209596e+00 1.322360e+00 1.658531e+00 
124 1737 1.629989e-01 1.656317e+00 7.992446e-01 7.992446e-01 8.074105e-01 8.233245e-01 8.351682e-01 8.410184e-01 8.471827e-01 8.583349e-01 8.623237e-01 8.702728e-01 8.708683e-01 8.838609e-01 8.883197e-01 8.913939e-01 8.982385e-01 9.069406e-01 9.202891e-01 9.207631e-01 9.359465e-01 9.491090e-01 9.565282e-01 9.673256e-01 9.765558e-01 9.797220e-01 9.960857e-01 1.029140e+00 1.033807e+00 1.080607e+00 1.159450e+00 1.184296e+00 1.210585e+00 1.320119e+00 1.656317e+00 
125 1751 1.600188e-01 1.651723e+00 7.974956e-01 7.974956e-01 8.064381e-01 8.212833e-01 8.358795e-01 8.391114e-01 8.454078e-01 8.586556e-01 8.603271e-01 8.680537e-01 8.705722e-01 8.820202e-01 8.873030e-01 8.906567e-01 8.959802e-01 9.057952e-01 9.190372e-01 9.235464e-01 9.387030e-01 9.482036e-01 9.580639e-01 9.705189e-01 9.765621e-01 9.786864e-01 9.964831e-01 1.027678e+00 1.034791e+00 1.083600e+00 1.157994e+00 1.190250e+00 1.209502e+00 1.319469e+00 1.651723e+00 
126 1765 1.563091e-01 1.653487e+00 7.962180e-01 7.962180e-01 8.074694e-01 8.193937e-01 8.358456e-01 8.369662e-01 8.438377e-01 8.577206e-01 8.602585e-01 8.670923e-01 8.691344e-01 8.810658e-01 8.865154e-01 8.884237e-01 8.956610e-01 9.049080e-01 9.166507e-01 9.229051e-01 9.436204e-01 9.481829e-01 9.569967e-01 9.708277e-01 9.750232e-01 9.812034e-01 9.951918e-01 1.027132e+00 1.033668e+00 1.085481e+00 1.156959e+00 1.191691e+00 1.210470e+00 1.317074e+00 1.653487e+00 
127 1779 1.530361e-01 1.651632e+00 7.948627e-01 7.948627e-01 8.076927e-01 8.188400e-01 8.347145e-01 8.364913e-01 8.416936e-01 8.566166e-01 8.590076e-01 8.649000e-01 8.679930e-01 8.797636e-01 8.863231e-01 8.888498e-01 8.989444e-01 9.046755e-01 9.162583e-01 9.253388e-01 9.436574e-01 9.477526e-01 9.558919e-01 9.693894e-01 9.741554e-01 9.808473e-01 9.931257e-01 1.024198e+00 1.031848e+00 1.084538e+00 1.154751e+00 1.191855e+00 1.209078e+00 1.317165e+00 1.651632e+00 
128 1793 1.524496e-01 1.652064e+00 7.933030e-01 7.933030e-01 8.090019e-01 8.169003e-01 8.327038e-01 8.352479e-01 8.394767e-01 8.550476e-01 8.611013e-01 8.648518e-01 8.664436e-01 8.798410e-01 8.844300e-01 8.875925e-01 8.974789e-01 9.062700e-01 9.156969e-01 9.234994e-01 9.441907e-01 9.466516e-01 9.536966e-01 9.696094e-01 9.718401e-01 9.814846e-01 9.924656e-01 1.023209e+00 1.030665e+00 1.083134e+00 1.158539e+00 1.191320e+00 1.216149e+00 1.317196e+00 1.652064e+00 
129 1807 1.536673e-01 1.648842e+00 7.918134e-01 7.918134e-01 8.082509e-01 8.155194e-01 8.312566e-01 8.359311e-01 8.386894e-01 8.540551e-01 8.596155e-01 8.655474e-01 8.709190e-01 8.789955e-01 8.832866e-01 8.876547e-01 8.969468e-01 9.087467e-01 9.142222e-01 9.242236e-01 9.436529e-01 9.444049e-01 9.569237e-01 9.698238e-01 9.709158e-01 9.805186e-01 9.907493e-01 1.022208e+00 1.032258e+00 1.081606e+00 1.156670e+00 1.188322e+00 1.224917e+00 1.316206e+00 1.648842e+00 
130 1821 1.556109e-01 1.644573e+00 7.911591e-01 7.911591e-01 8.069293e-01 8.150325e-01 8.295261e-01 8.358041e-01 8.389194e-01 8.525923e-01 8.579931e-01 8.641188e-01 8.693509e-01 8.803267e-01 8.816404e-01 8.872092e-01 8.957336e-01 9.076595e-01 9.126206e-01 9.221501e-01 9.434633e-01 9.469732e-01 9.584873e-01 9.674543e-01 9.723421e-01 9.816027e-01 9.915455e-01 1.021145e+00 1.030403e+00 1.080513e+00 1.154393e+00 1.188815e+00 1.244272e+00 1.320189e+00 1.644573e+00 
131 1835 1.554486e-01 1.646990e+00 7.895090e-01 7.895090e-01 8.059440e-01 8.143461e-01 8.290117e-01 8.361202e-01 8.375866e-01 8.515302e-01 8.557874e-01 8.631109e-01 8.685456e-01 8.787586e-01 8.813396e-01 8.862186e-01 8.937370e-01 9.057992e-01 9.124124e-01 9.210035e-01 9.412233e-01 9.481341e-01 9.588252e-01 9.679065e-01 9.709027e-01 9.855464e-01 9.913095e-01 1.018669e+00 1.032630e+00 1.080022e+00 1.153740e+00 1.185793e+00 1.255838e+00 1.320412e+00 1.646990e+00 
132 1849 1.552836e-01 1.647477e+00 7.894512e-01 7.894512e-01 8.051116e-01 8.133790e-01 8.295182e-01 8.350488e-01 8.394949e-01 8.511273e-01 8.543849e-01 8.608384e-01 8.673522e-01 8.764665e-01 8.792627e-01 8.849472e-01 8.942295e-01 9.075489e-01 9.125418e-01 9.191730e-01 9.403948e-01 9.497434e-01 9.584328e-01 9.672151e-01 9.686065e-01 9.847134e-01 9.903816e-01 1.017670e+00 1.032977e+00 1.080929e+00 1.154138e+00 1.183722e+00 1.265606e+00 1.319350e+00 1.647477e+00 
133 1863 1.532448e-01 1.646034e+00 7.880340e-01 7.880340e-01 8.042458e-01 8.121454e-01 8.281311e-01 8.343348e-01 8.383270e-01 8.519792e-01 8.528447e-01 8.591877e-01 8.672444e-01 8.747621e-01 8.783516e-01 8.846869e-01 8.940545e-01 9.072271e-01 9.164569e-01 9.174495e-01 9.401103e-01 9.499353e-01 9.575376e-01 9.652695e-01 9.695890e-01 9.852486e-01 9.899945e-01 1.016019e+00 1.031526e+00 1.080533e+00 1.154640e+00 1.183425e+00 1.271719e+00 1.317043e+00 1.646034e+00 
134 1877 1.535418e-01 1.647030e+00 7.868093e-01 7.868093e-01 8.041443e-01 8.106896e-01 8.257968e-01 8.342249e-01 8.370496e-01 8.501946e-01 8.525844e-01 8.583142e-01 8.661287e-01 8.728035e-01 8.782519e-01 8.901748e-01 8.961781e-01 9.084158e-01 9.148267e-01 9.165453e-01 9.404248e-01 9.488885e-01 9.557801e-01 9.659028e-01 9.702675e-01 9.856826e-01 9.910320e-01 1.016032e+00 1.029237e+00 1.080730e+00 1.151919e+00 1.187663e+00 1.273032e+00 1.316973e+00 1.647030e+00 
135 1891 1.543131e-01 1.651737e+00 7.854232e-01 7.854232e-01 8.034041e-01 8.091296e-01 8.250180e-01 8.331867e-01 8.391703e-01 8.484623e-01 8.521573e-01 8.567178e-01 8.656746e-01 8.732431e-01 8.778596e-01 8.892143e-01 8.958029e-01 9.120908e-01 9.142092e-01 9.169825e-01 9.397762e-01 9.475447e-01 9.546830e-01 9.646083e-01 9.695628e-01 9.849033e-01 9.896748e-01 1.015207e+00 1.027691e+00 1.086245e+00 1.151149e+00 1.193790e+00 1.274478e+00 1.314688e+00 1.651737e+00 
136 1905 1.540548e-01 1.652071e+00 7.837104e-01 7.837104e-01 8.045824e-01 8.089952e-01 8.229617e-01 8.309638e-01 8.386308e-01 8.466935e-01 8.525272e-01 8.551566e-01 8.658376e-01 8.716642e-01 8.801804e-01 8.877214e-01 8.954333e-01 9.108143e-01 9.137947e-01 9.170055e-01 9.385723e-01 9.451831e-01 9.598185e-01 9.622835e-01 9.708867e-01 9.860252e-01 9.913373e-01 1.012945e+00 1.026364e+00 1.086494e+00 1.149816e+00 1.197807e+00 1.274424e+00 1.311500e+00 1.652071e+00 
137 1919 1.536282e-01 1.649727e+00 7.824863e-01 7.824863e-01 8.035576e-01 8.088617e-01 8.216401e-01 8.303637e-01 8.385265e-01 8.458511e-01 8.522037e-01 8.547852e-01 8.658723e-01 8.697555e-01 8.809155e-01 8.865138e-01 8.948466e-01 9.115798e-01 9.120947e-01 9.173584e-01 9.375950e-01 9.459419e-01 9.595182e-01 9.621493e-01 9.688887e-01 9.867703e-01 9.917861e-01 1.012302e+00 1.026314e+00 1.086586e+00 1.151999e+00 1.202087e+00 1.274005e+00 1.309138e+00 1.649727e+00 
138 1933 1.509606e-01 1.646907e+00 7.805097e-01 7.805097e-01 8.041705e-01 8.068335e-01 8.215882e-01 8.281973e-01 8.389668e-01 8.436482e-01 8.513103e-01 8.559786e-01 8.653822e-01 8.676493e-01 8.808101e-01 8.850384e-01 8.932710e-01 9.092579e-01 9.125550e-01 9.212288e-01 9.372268e-01 9.489386e-01 9.580437e-01 9.626244e-01 9.683285e-01 9.859914e-01 9.926311e-01 1.015821e+00 1.024961e+00 1.086711e+00 1.151666e+00 1.203861e+00 1.273503e+00 1.306304e+00 1.646907e+00 
