%  columns="iteration, evaluation, void, void, void, xmean" (startseed=208486, 2016/06/18 20:18:6.86)
0 1 0 0 0 1.618917e+00 -3.088282e+00 -3.603512e+00 -8.149616e-01 -1.903244e+00 3.301877e+00 4.624541e+00 1.279404e-01 -3.638540e+00 1.064908e+00 1.779889e+00 3.303372e+00 -5.192440e-01 -1.116293e+00 1.137375e+00 1.149256e+00 -1.104296e+00 7.956679e-01 -1.258194e+00 -6.375066e-01 -4.766923e-03 -5.761876e-01 1.248511e+00 3.366935e-01 -8.251260e-01 2.435192e+00 -3.510567e+00 -2.618788e+00 -3.264048e+00 -2.511003e+00 -6.469216e-01 1.815928e+00 
1 15 0 0 0 1.654687e+00 -3.047842e+00 -3.740642e+00 -6.803621e-01 -1.866202e+00 3.352186e+00 4.580415e+00 2.892274e-01 -3.469702e+00 1.093899e+00 1.656928e+00 3.268690e+00 -5.893794e-01 -1.192697e+00 1.023562e+00 9.766213e-01 -1.184220e+00 6.645385e-01 -1.136651e+00 -6.292426e-01 5.620621e-02 -6.676211e-01 1.229637e+00 1.146266e-01 -8.165770e-01 2.367182e+00 -3.429560e+00 -2.609260e+00 -3.295135e+00 -2.480329e+00 -6.663290e-01 1.924838e+00 
2 29 0 0 0 1.619649e+00 -3.094770e+00 -3.725310e+00 -5.881851e-01 -1.884626e+00 3.402309e+00 4.510606e+00 2.838450e-01 -3.508541e+00 1.208441e+00 1.630743e+00 3.297858e+00 -5.154856e-01 -1.027200e+00 1.074435e+00 8.993666e-01 -1.260302e+00 6.245038e-01 -1.212098e+00 -4.899461e-01 6.298869e-02 -8.455076e-01 1.171066e+00 5.516668e-02 -7.962046e-01 2.356130e+00 -3.378813e+00 -2.701108e+00 -3.347665e+00 -2.426640e+00 -5.423292e-01 2.046503e+00 
3 43 0 0 0 1.676280e+00 -3.149089e+00 -3.803528e+00 -5.032244e-01 -1.997074e+00 3.435863e+00 4.553492e+00 3.204605e-01 -3.447414e+00 1.285665e+00 1.696275e+00 3.266391e+00 -6.354702e-01 -1.203716e+00 1.059071e+00 1.020187e+00 -1.198058e+00 6.570986e-01 -1.213078e+00 -3.968851e-01 -3.593200e-02 -8.725900e-01 1.167270e+00 -1.503712e-03 -7.432143e-01 2.327074e+00 -3.358841e+00 -2.695133e+00 -3.324305e+00 -2.380780e+00 -4.573634e-01 2.160085e+00 
4 57 0 0 0 1.771309e+00 -3.299747e+00 -3.789457e+00 -4.086394e-01 -2.153119e+00 3.390627e+00 4.530064e+00 3.843085e-01 -3.524925e+00 1.385243e+00 1.841500e+00 3.254327e+00 -5.104573e-01 -1.341969e+00 9.894543e-01 1.142893e+00 -1.174100e+00 5.044176e-01 -1.361994e+00 -3.469754e-01 -1.161031e-01 -1.001840e+00 1.227112e+00 -9.199295e-02 -9.020682e-01 2.411600e+00 -3.319620e+00 -2.640860e+00 -3.172935e+00 -2.191970e+00 -3.705528e-01 2.350583e+00 
5 71 0 0 0 1.616685e+00 -3.276203e+00 -3.732779e+00 -3.081009e-01 -2.222129e+00 3.214748e+00 4.529373e+00 5.233090e-01 -3.609616e+00 1.453802e+00 1.762185e+00 3.294770e+00 -2.494532e-01 -1.394402e+00 1.037921e+00 1.223060e+00 -1.218754e+00 5.200412e-01 -1.275109e+00 -2.323647e-01 -8.613496e-02 -1.070810e+00 1.207245e+00 -5.495385e-02 -1.051074e+00 2.565444e+00 -3.475865e+00 -2.508766e+00 -3.138316e+00 -2.190690e+00 -3.782253e-01 2.459618e+00 
6 85 0 0 0 1.540751e+00 -3.394164e+00 -3.683711e+00 -2.501670e-01 -2.074640e+00 3.292379e+00 4.498339e+00 5.681380e-01 -3.696703e+00 1.425326e+00 1.835572e+00 3.407061e+00 -3.810319e-01 -1.334649e+00 9.892749e-01 1.224475e+00 -1.230607e+00 5.489997e-01 -1.362591e+00 -2.689994e-01 -4.684436e-02 -9.764814e-01 1.119466e+00 -4.362968e-02 -9.741248e-01 2.649459e+00 -3.553225e+00 -2.545914e+00 -3.219742e+00 -2.139179e+00 -3.617412e-01 2.503815e+00 
7 99 0 0 0 1.625216e+00 -3.497224e+00 -3.654893e+00 -2.394846e-01 -2.166390e+00 3.337000e+00 4.424527e+00 5.180558e-01 -3.622872e+00 1.421506e+00 1.633175e+00 3.422340e+00 -3.089606e-01 -1.398154e+00 1.033152e+00 1.253934e+00 -1.149240e+00 5.064984e-01 -1.302179e+00 -2.399599e-01 -3.085542e-02 -1.029331e+00 1.014704e+00 -1.294937e-02 -9.102007e-01 2.623965e+00 -3.515948e+00 -2.532840e+00 -3.273543e+00 -2.069776e+00 -3.135206e-01 2.567784e+00 
8 113 0 0 0 1.506184e+00 -3.508045e+00 -3.573972e+00 -5.701244e-02 -2.372143e+00 3.446538e+00 4.308414e+00 4.904382e-01 -3.773884e+00 1.348247e+00 1.714648e+00 3.423660e+00 -4.172918e-01 -1.415936e+00 1.021825e+00 1.331297e+00 -1.103649e+00 4.626785e-01 -1.481738e+00 -1.548830e-01 -2.415863e-01 -9.672203e-01 9.558923e-01 1.782253e-01 -1.049575e+00 2.562543e+00 -3.417531e+00 -2.651429e+00 -3.336593e+00 -2.028413e+00 -1.161801e-01 2.585474e+00 
9 127 0 0 0 1.269765e+00 -3.549333e+00 -3.430363e+00 -2.302210e-01 -2.303226e+00 3.489588e+00 4.265840e+00 5.591593e-01 -3.866492e+00 1.454904e+00 1.861028e+00 3.471556e+00 -4.125806e-01 -1.279713e+00 9.637906e-01 1.245546e+00 -1.013088e+00 3.655495e-01 -1.545980e+00 -2.059507e-01 -2.463899e-01 -1.027646e+00 1.142312e+00 1.869103e-01 -1.134421e+00 2.563311e+00 -3.276953e+00 -2.471678e+00 -3.287424e+00 -2.226265e+00 -1.279946e-01 2.506373e+00 
10 141 0 0 0 1.261145e+00 -3.477559e+00 -3.303465e+00 -2.644671e-01 -2.476804e+00 3.384956e+00 4.275962e+00 6.718346e-01 -3.888209e+00 1.504941e+00 1.897297e+00 3.438595e+00 -5.416912e-01 -1.352563e+00 1.096898e+00 1.281597e+00 -1.063054e+00 3.022531e-01 -1.577763e+00 -1.585371e-01 -3.486106e-01 -1.004687e+00 1.024426e+00 2.249484e-01 -1.117623e+00 2.552177e+00 -3.116222e+00 -2.444006e+00 -3.214228e+00 -2.254586e+00 -2.017313e-02 2.605313e+00 
11 155 0 0 0 1.303191e+00 -3.532575e+00 -3.239698e+00 -1.330069e-01 -2.557489e+00 3.422359e+00 4.463734e+00 6.729069e-01 -3.714546e+00 1.627730e+00 1.946060e+00 3.529459e+00 -5.199231e-01 -1.394606e+00 1.229214e+00 1.322452e+00 -9.905418e-01 2.350292e-01 -1.571252e+00 2.936802e-02 -3.715048e-01 -1.054493e+00 9.133579e-01 3.421975e-01 -1.159638e+00 2.510378e+00 -2.827255e+00 -2.493037e+00 -3.166275e+00 -2.231559e+00 5.141538e-02 2.627252e+00 
12 169 0 0 0 1.271301e+00 -3.423887e+00 -3.258774e+00 -1.821593e-01 -2.461438e+00 3.336286e+00 4.504979e+00 7.624448e-01 -3.739410e+00 1.802466e+00 1.900302e+00 3.424283e+00 -6.184122e-01 -1.277098e+00 1.052091e+00 1.424680e+00 -9.868713e-01 2.832812e-01 -1.636356e+00 -4.464387e-02 -2.985993e-01 -9.575035e-01 7.070368e-01 3.673497e-01 -1.046086e+00 2.643187e+00 -2.653459e+00 -2.387969e+00 -3.110001e+00 -2.434087e+00 8.130430e-02 2.659460e+00 
13 183 0 0 0 1.141215e+00 -3.513591e+00 -3.228587e+00 -1.880196e-01 -2.614492e+00 3.304353e+00 4.497988e+00 5.569636e-01 -3.685041e+00 1.823656e+00 1.929551e+00 3.458483e+00 -6.306845e-01 -1.314503e+00 1.065439e+00 1.392472e+00 -1.138357e+00 3.014289e-01 -1.648842e+00 -6.122559e-02 -1.759026e-01 -1.019533e+00 6.849912e-01 2.418849e-01 -1.128514e+00 2.656247e+00 -2.491551e+00 -2.354866e+00 -3.051047e+00 -2.441305e+00 1.019717e-01 2.648914e+00 
14 197 0 0 0 1.102570e+00 -3.591188e+00 -3.203396e+00 -1.656711e-01 -2.681332e+00 3.309319e+00 4.293183e+00 5.341765e-01 -3.660712e+00 1.808865e+00 1.771441e+00 3.620494e+00 -5.173157e-01 -1.226969e+00 1.068644e+00 1.237457e+00 -9.820697e-01 2.900414e-01 -1.816125e+00 -9.411120e-02 -1.552093e-01 -8.790172e-01 5.870745e-01 1.259385e-01 -1.270676e+00 2.699537e+00 -2.302899e+00 -2.371495e+00 -3.214005e+00 -2.371885e+00 1.264557e-01 2.588184e+00 
15 211 0 0 0 1.092934e+00 -3.615720e+00 -3.022094e+00 -1.557308e-01 -2.618267e+00 3.263681e+00 4.144501e+00 5.829312e-01 -3.749787e+00 1.972635e+00 1.808746e+00 3.660209e+00 -5.002261e-01 -1.309051e+00 1.340682e+00 1.216911e+00 -8.957597e-01 2.183054e-01 -1.885139e+00 -2.541129e-01 -4.402044e-01 -1.121334e+00 5.940465e-01 2.750536e-01 -1.148717e+00 2.733745e+00 -2.075450e+00 -2.332572e+00 -3.153774e+00 -2.276965e+00 3.876674e-01 2.617885e+00 
16 225 0 0 0 1.163759e+00 -3.571279e+00 -2.999554e+00 -5.993332e-02 -2.732654e+00 3.268726e+00 4.327262e+00 5.775143e-01 -3.707551e+00 1.959186e+00 1.679538e+00 3.730487e+00 -3.747684e-01 -1.321314e+00 1.605979e+00 1.038943e+00 -7.669747e-01 1.016727e-01 -2.180720e+00 -2.810527e-01 -2.940317e-01 -9.872685e-01 6.182875e-01 3.936521e-01 -8.445206e-01 2.724381e+00 -2.076920e+00 -2.494957e+00 -3.299241e+00 -2.152356e+00 4.008715e-01 2.832940e+00 
17 239 0 0 0 1.302331e+00 -3.567110e+00 -3.011965e+00 1.712436e-03 -2.650007e+00 3.036107e+00 4.033008e+00 5.393911e-01 -3.852506e+00 2.049574e+00 1.640175e+00 3.621579e+00 -5.139850e-01 -1.203482e+00 1.367816e+00 1.129243e+00 -9.156943e-01 8.756383e-02 -2.234725e+00 -4.539868e-01 -3.385410e-01 -1.004434e+00 4.930735e-01 2.055653e-01 -1.072241e+00 2.920839e+00 -2.177076e+00 -2.537157e+00 -3.345651e+00 -2.266415e+00 3.699502e-01 2.853623e+00 
18 253 0 0 0 1.427165e+00 -3.737768e+00 -2.906334e+00 -1.887849e-01 -2.508058e+00 2.989194e+00 4.062706e+00 4.009000e-01 -3.980507e+00 2.036667e+00 1.617656e+00 3.569916e+00 -6.860542e-01 -1.344182e+00 1.355982e+00 1.112162e+00 -7.699589e-01 2.345547e-01 -2.090346e+00 -5.480196e-01 -4.939791e-01 -9.778732e-01 5.173477e-01 8.536860e-02 -9.886717e-01 2.937610e+00 -1.875766e+00 -2.457872e+00 -3.408467e+00 -2.328904e+00 4.963060e-01 2.862035e+00 
19 267 0 0 0 1.479656e+00 -3.660882e+00 -2.721198e+00 -2.022382e-01 -2.430680e+00 2.862598e+00 4.044974e+00 5.008542e-01 -4.015387e+00 2.063520e+00 1.722982e+00 3.823639e+00 -6.966757e-01 -1.255395e+00 1.186771e+00 1.007719e+00 -7.963767e-01 7.009072e-02 -1.915625e+00 -5.165829e-01 -6.298673e-01 -1.061143e+00 2.981334e-01 -2.600103e-02 -8.788801e-01 2.846378e+00 -1.700305e+00 -2.297001e+00 -3.489588e+00 -2.239638e+00 3.835135e-01 2.765252e+00 
20 281 0 0 0 1.296711e+00 -3.512674e+00 -2.626326e+00 -1.595340e-01 -2.540271e+00 2.890324e+00 4.170986e+00 5.224713e-01 -3.879213e+00 2.053954e+00 1.609810e+00 3.596427e+00 -6.381926e-01 -1.111094e+00 1.265504e+00 1.029156e+00 -7.846062e-01 1.430102e-01 -2.041135e+00 -6.545587e-01 -4.851575e-01 -1.105364e+00 2.295274e-01 -7.802283e-02 -7.018709e-01 2.865018e+00 -1.595849e+00 -2.266911e+00 -3.405813e+00 -2.305646e+00 2.831344e-01 2.750715e+00 
21 295 0 0 0 1.153242e+00 -3.635334e+00 -2.531083e+00 -6.745970e-02 -2.570272e+00 2.770518e+00 3.980912e+00 4.748494e-01 -3.906745e+00 2.270352e+00 1.607088e+00 3.456410e+00 -8.419219e-01 -9.081923e-01 1.388591e+00 1.029184e+00 -7.376173e-01 5.373690e-02 -2.208648e+00 -7.225755e-01 -5.208134e-01 -1.211388e+00 1.895148e-01 -5.262744e-02 -6.124385e-01 2.886608e+00 -1.250860e+00 -2.024700e+00 -3.643794e+00 -2.216751e+00 4.004869e-01 3.098344e+00 
22 309 0 0 0 1.059414e+00 -3.490874e+00 -2.556091e+00 4.902397e-02 -2.583274e+00 2.953889e+00 3.902837e+00 7.231099e-01 -3.761818e+00 1.977242e+00 1.356126e+00 3.472824e+00 -8.453669e-01 -8.581724e-01 1.583217e+00 1.112992e+00 -7.506930e-01 1.570177e-01 -2.261685e+00 -6.991263e-01 -3.147978e-01 -1.067809e+00 1.486259e-01 -2.913457e-02 -6.707623e-01 3.123471e+00 -9.074632e-01 -2.104956e+00 -3.716133e+00 -2.355150e+00 5.451427e-01 3.152463e+00 
23 323 0 0 0 1.167380e+00 -3.427372e+00 -2.576462e+00 -1.407954e-01 -2.585570e+00 3.094186e+00 3.549661e+00 6.889861e-01 -3.815822e+00 1.699641e+00 1.059713e+00 3.707335e+00 -7.445723e-01 -7.601943e-01 1.722550e+00 1.020240e+00 -8.661003e-01 2.868879e-01 -2.018769e+00 -6.704736e-01 -2.291303e-01 -7.792949e-01 1.535921e-01 -1.759451e-01 -5.479318e-01 3.295133e+00 -8.919388e-01 -2.207206e+00 -3.740901e+00 -2.358160e+00 3.577395e-01 3.109368e+00 
24 337 0 0 0 1.352491e+00 -3.524845e+00 -2.626907e+00 6.973299e-02 -2.517735e+00 2.971308e+00 3.485049e+00 5.775991e-01 -3.724112e+00 1.816172e+00 1.081343e+00 3.764080e+00 -3.840224e-01 -7.767141e-01 1.635276e+00 1.011035e+00 -1.068839e+00 8.157072e-02 -2.189456e+00 -8.249642e-01 -3.404057e-01 -6.109220e-01 3.879990e-01 -6.052510e-04 -1.930172e-01 3.291108e+00 -8.312634e-01 -2.076262e+00 -4.028759e+00 -2.298605e+00 2.690106e-01 3.072653e+00 
25 351 0 0 0 1.240452e+00 -3.561013e+00 -2.935539e+00 1.512882e-02 -2.673771e+00 2.917758e+00 3.443347e+00 7.749944e-01 -3.610038e+00 1.688292e+00 8.484723e-01 3.881905e+00 -4.314167e-01 -8.175148e-01 1.608768e+00 9.139726e-01 -1.053619e+00 4.491677e-02 -1.997892e+00 -1.046684e+00 -1.985888e-01 -7.125397e-01 3.407290e-01 -1.659951e-01 -2.797867e-01 3.326906e+00 -8.282469e-01 -2.088097e+00 -3.964326e+00 -2.250404e+00 2.322657e-01 3.194657e+00 
26 365 0 0 0 1.162443e+00 -3.661237e+00 -3.032477e+00 8.623210e-02 -3.012199e+00 2.712433e+00 3.564774e+00 9.822169e-01 -3.598689e+00 1.604444e+00 6.159673e-01 4.065974e+00 -4.340976e-01 -8.219794e-01 1.726446e+00 1.127985e+00 -6.933672e-01 -7.543299e-02 -2.053793e+00 -1.118667e+00 -1.391208e-01 -5.776338e-01 1.486635e-01 -2.731272e-01 -1.480607e-01 3.422297e+00 -6.542252e-01 -2.027251e+00 -4.065897e+00 -2.113134e+00 2.201985e-01 3.376677e+00 
27 379 0 0 0 1.052977e+00 -3.858590e+00 -2.944787e+00 -1.171002e-01 -2.833542e+00 2.511712e+00 3.315636e+00 9.374212e-01 -3.892077e+00 1.634790e+00 6.630619e-01 3.694573e+00 -6.192795e-01 -7.649363e-01 1.844150e+00 1.089619e+00 -9.506090e-01 1.442367e-01 -1.644781e+00 -1.392244e+00 1.792246e-01 -6.559819e-01 1.443435e-02 -5.351899e-01 2.369065e-02 3.379555e+00 -8.032639e-01 -1.943758e+00 -4.142018e+00 -2.010613e+00 4.355556e-01 3.279793e+00 
28 393 0 0 0 1.113568e+00 -3.871500e+00 -3.064058e+00 -1.513384e-01 -2.901936e+00 2.255513e+00 3.276548e+00 7.879263e-01 -4.113208e+00 1.632451e+00 7.278212e-01 3.677218e+00 -5.616926e-01 -6.620151e-01 1.844851e+00 1.188560e+00 -1.006786e+00 2.446680e-01 -1.365372e+00 -1.252318e+00 -4.505406e-02 -5.970387e-01 -2.743999e-01 -3.656391e-01 -6.059285e-03 3.444549e+00 -8.717733e-01 -1.742159e+00 -4.323678e+00 -2.049184e+00 6.418873e-01 3.223330e+00 
29 407 0 0 0 1.276929e+00 -3.803914e+00 -3.102291e+00 -5.043118e-03 -2.952560e+00 2.302493e+00 3.209061e+00 8.380051e-01 -4.178897e+00 1.818450e+00 7.748573e-01 3.908834e+00 -4.923416e-01 -8.053006e-01 1.703670e+00 1.104432e+00 -1.005200e+00 4.659107e-01 -1.426008e+00 -1.380292e+00 -3.716665e-01 -5.820074e-01 -3.476155e-01 -4.530277e-01 -1.387443e-01 3.275083e+00 -6.456799e-01 -1.891678e+00 -4.524030e+00 -1.932726e+00 6.455261e-01 3.099439e+00 
30 421 0 0 0 1.416223e+00 -4.002400e+00 -2.937401e+00 1.121439e-01 -2.932224e+00 2.636668e+00 2.702298e+00 4.283977e-01 -4.274105e+00 1.493526e+00 8.970528e-01 3.829299e+00 -4.012591e-01 -9.889543e-01 1.738816e+00 9.539911e-01 -1.048170e+00 5.184783e-01 -1.252286e+00 -1.329982e+00 -5.577380e-02 -5.512218e-01 -6.100380e-01 -3.254909e-01 9.923265e-03 3.200866e+00 -9.008188e-01 -2.013938e+00 -4.626762e+00 -2.008053e+00 4.345040e-01 3.004468e+00 
31 435 0 0 0 1.369198e+00 -3.822425e+00 -2.819787e+00 1.701893e-01 -2.847419e+00 2.677379e+00 2.231318e+00 3.113152e-01 -4.171501e+00 1.625907e+00 1.003039e+00 4.335524e+00 -3.009871e-01 -8.279902e-01 1.925835e+00 1.099754e+00 -1.012785e+00 4.896031e-01 -9.604067e-01 -1.067622e+00 -1.549036e-01 -3.731221e-01 -7.100154e-01 -3.874280e-01 3.972095e-02 3.122572e+00 -7.408551e-01 -2.214247e+00 -4.900401e+00 -2.067885e+00 5.948597e-01 2.978741e+00 
32 449 0 0 0 1.312766e+00 -3.769900e+00 -2.893307e+00 2.726497e-01 -3.215160e+00 2.349364e+00 2.276243e+00 3.600558e-01 -4.066889e+00 1.971638e+00 8.880775e-01 4.330120e+00 -1.600777e-01 -8.585205e-01 1.772560e+00 1.013188e+00 -1.156647e+00 2.617925e-01 -1.006645e+00 -1.338117e+00 -1.471845e-01 -4.353732e-01 -9.195396e-01 -4.597392e-01 8.725087e-02 3.073046e+00 -8.040370e-01 -2.071281e+00 -4.960294e+00 -1.898084e+00 5.249811e-01 3.055349e+00 
33 463 0 0 0 1.360043e+00 -3.392456e+00 -2.861069e+00 2.822362e-01 -3.054555e+00 2.324754e+00 2.478180e+00 2.386239e-01 -4.051536e+00 1.840933e+00 7.952287e-01 4.256179e+00 -2.380871e-01 -9.481739e-01 1.781225e+00 1.170648e+00 -1.056235e+00 3.333273e-01 -1.013433e+00 -1.233639e+00 -1.775921e-01 -4.939252e-01 -9.814703e-01 -3.576423e-01 4.389508e-01 3.120524e+00 -8.934602e-01 -2.081746e+00 -4.972673e+00 -1.670752e+00 4.905819e-01 3.108849e+00 
34 477 0 0 0 1.312667e+00 -3.441488e+00 -2.763674e+00 3.962851e-01 -2.792733e+00 2.130694e+00 2.558814e+00 2.060509e-01 -4.124496e+00 2.004603e+00 6.204322e-01 4.101732e+00 2.361801e-02 -1.057258e+00 1.633546e+00 1.674572e+00 -9.957485e-01 4.027007e-01 -1.022886e+00 -1.549339e+00 -2.504183e-01 -4.162090e-01 -7.982750e-01 -6.602921e-01 3.880829e-01 3.237306e+00 -7.106524e-01 -2.052817e+00 -5.203207e+00 -1.659211e+00 3.219890e-01 3.266154e+00 
35 491 0 0 0 1.191653e+00 -3.528641e+00 -2.586172e+00 6.352806e-01 -3.094500e+00 1.870524e+00 2.385933e+00 8.269385e-02 -4.238472e+00 1.759902e+00 2.908216e-01 4.004452e+00 1.271265e-01 -1.098261e+00 1.473353e+00 1.696023e+00 -1.177229e+00 6.039590e-01 -9.337731e-01 -1.736739e+00 -1.736821e-01 -4.143876e-01 -5.787651e-01 -6.474674e-01 2.458769e-01 3.005311e+00 -6.395856e-01 -2.127004e+00 -5.279576e+00 -1.795256e+00 5.602585e-01 3.287998e+00 
36 505 0 0 0 1.081027e+00 -3.553386e+00 -2.325234e+00 5.902577e-01 -3.198572e+00 1.825601e+00 2.239627e+00 3.183374e-01 -4.283252e+00 2.006674e+00 1.557638e-01 4.076332e+00 1.619359e-02 -9.032312e-01 1.402865e+00 1.668597e+00 -1.295041e+00 6.925576e-01 -1.058624e+00 -1.487373e+00 -2.234439e-01 -6.339253e-01 -6.747406e-01 -7.833141e-01 6.037732e-01 3.126283e+00 -7.434834e-01 -1.814741e+00 -5.341730e+00 -1.820879e+00 5.811536e-01 3.303424e+00 
37 519 0 0 0 8.641530e-01 -3.632881e+00 -2.324356e+00 6.755411e-01 -2.992484e+00 1.944193e+00 2.125598e+00 4.135221e-01 -4.464629e+00 1.832228e+00 -3.157593e-02 3.824678e+00 -1.262073e-01 -1.146974e+00 1.379033e+00 1.843846e+00 -1.727895e+00 8.202501e-01 -1.097752e+00 -1.423527e+00 -3.923445e-01 -3.200981e-01 -6.196009e-01 -5.398101e-01 5.756040e-01 3.100007e+00 -6.625059e-01 -1.893160e+00 -5.476178e+00 -1.901753e+00 3.622177e-01 3.045472e+00 
38 533 0 0 0 9.732854e-01 -3.614117e+00 -2.501059e+00 7.403504e-01 -2.818395e+00 1.919096e+00 2.266262e+00 1.993782e-01 -4.486676e+00 1.540930e+00 -6.688585e-02 3.756120e+00 1.919488e-01 -1.094088e+00 1.165215e+00 1.889877e+00 -1.510352e+00 6.097908e-01 -9.380515e-01 -1.029779e+00 -5.422295e-01 -6.528338e-01 -6.340838e-01 -1.603493e-01 6.880310e-01 2.849080e+00 -7.821433e-01 -1.994282e+00 -5.617476e+00 -1.884467e+00 4.391406e-01 3.007672e+00 
39 547 0 0 0 1.342655e+00 -3.603902e+00 -2.512159e+00 9.707944e-01 -3.196808e+00 1.906906e+00 1.787083e+00 -1.439081e-01 -4.366768e+00 1.500817e+00 -1.661918e-01 3.722325e+00 1.946823e-01 -1.313694e+00 1.106399e+00 1.965893e+00 -1.366231e+00 4.148505e-01 -9.621297e-01 -1.151474e+00 -7.942102e-01 -5.684356e-01 -7.739191e-01 -2.341117e-01 5.422406e-01 3.093988e+00 -2.883278e-01 -2.209303e+00 -5.865791e+00 -1.665060e+00 4.979479e-01 3.518427e+00 
40 561 0 0 0 1.599234e+00 -3.419816e+00 -2.757438e+00 1.039755e+00 -3.404079e+00 1.835971e+00 2.168123e+00 -1.335779e-01 -4.719126e+00 1.165725e+00 -5.003248e-01 3.557627e+00 3.340145e-02 -1.558959e+00 9.016425e-01 1.974425e+00 -1.065142e+00 2.422051e-01 -1.107492e+00 -1.212362e+00 -9.502518e-01 -4.510672e-01 -6.355762e-01 -3.925243e-01 3.965655e-01 3.359970e+00 -4.407569e-01 -2.525397e+00 -6.141304e+00 -1.510873e+00 4.583584e-01 3.501173e+00 
41 575 0 0 0 1.896136e+00 -3.535154e+00 -2.704260e+00 1.245914e+00 -3.457903e+00 1.715876e+00 1.917610e+00 -3.376820e-01 -4.245832e+00 1.185898e+00 -6.252801e-01 3.484319e+00 2.326727e-01 -1.737695e+00 9.246337e-01 1.890863e+00 -1.057502e+00 5.287061e-01 -8.904876e-01 -1.327871e+00 -1.402066e+00 -7.784831e-01 -6.082363e-01 -3.448190e-01 5.822466e-01 3.237794e+00 -4.981819e-01 -2.445468e+00 -6.573640e+00 -1.246268e+00 6.183261e-01 3.733602e+00 
42 589 0 0 0 1.901514e+00 -3.535497e+00 -3.019167e+00 1.425920e+00 -3.694090e+00 1.275327e+00 1.551155e+00 -6.614793e-01 -4.370138e+00 1.011920e+00 -4.123741e-01 3.340637e+00 3.531393e-01 -1.757329e+00 9.085412e-01 1.853178e+00 -1.025842e+00 2.995250e-01 -1.093427e+00 -1.293096e+00 -1.733843e+00 -5.854608e-01 -7.489748e-01 -2.637272e-01 3.638631e-01 3.463485e+00 -4.302734e-01 -2.629846e+00 -6.830352e+00 -1.237513e+00 8.722619e-01 3.431716e+00 
43 603 0 0 0 1.626213e+00 -3.763352e+00 -2.978736e+00 1.589684e+00 -3.720788e+00 9.433790e-01 1.224543e+00 -7.726415e-01 -4.454546e+00 1.110353e+00 -3.656877e-01 3.589880e+00 4.355337e-01 -2.338824e+00 9.156279e-01 1.839566e+00 -7.874903e-01 2.852971e-01 -8.238130e-01 -1.439556e+00 -1.843934e+00 -1.161866e-01 -8.034778e-01 -2.542871e-01 7.196746e-01 3.569594e+00 -1.215914e-01 -2.502640e+00 -6.819047e+00 -1.098758e+00 1.152346e+00 3.417478e+00 
44 617 0 0 0 1.640354e+00 -4.126534e+00 -3.110245e+00 1.407910e+00 -3.512125e+00 1.048917e+00 1.100359e+00 -6.847157e-01 -4.595210e+00 1.212222e+00 -3.723307e-01 3.537123e+00 3.044147e-01 -2.444291e+00 8.110317e-01 1.813056e+00 -6.054864e-01 3.308550e-01 -6.790895e-01 -1.202201e+00 -1.972961e+00 3.006610e-02 -8.491557e-01 -1.781297e-01 9.448362e-01 3.499288e+00 -3.527852e-01 -3.397438e+00 -6.781199e+00 -9.135503e-01 1.179980e+00 3.445786e+00 
45 631 0 0 0 1.801547e+00 -3.997112e+00 -3.187321e+00 1.124790e+00 -3.238715e+00 1.037664e+00 1.115544e+00 -6.953544e-01 -4.636144e+00 1.145170e+00 -4.650730e-01 3.795603e+00 3.669628e-01 -2.197308e+00 9.099152e-01 1.908732e+00 -3.501520e-01 5.798929e-01 -7.909177e-01 -9.915739e-01 -2.126739e+00 -1.779134e-01 -9.963671e-01 -4.178017e-01 1.015745e+00 3.897429e+00 -3.139710e-01 -3.246671e+00 -6.448788e+00 -9.808610e-01 1.203955e+00 3.341152e+00 
46 645 0 0 0 1.739126e+00 -4.500316e+00 -2.950706e+00 1.144026e+00 -3.202483e+00 1.038197e+00 1.396006e+00 -8.309765e-01 -4.284964e+00 1.132156e+00 -6.319554e-01 4.219643e+00 2.887806e-01 -2.044644e+00 1.134095e+00 1.765530e+00 -6.234515e-01 6.429617e-01 -3.535906e-01 -1.073054e+00 -1.876696e+00 -2.955161e-01 -1.108461e+00 -6.284255e-01 1.386668e+00 3.322033e+00 -2.427659e-01 -3.080485e+00 -6.094360e+00 -1.155495e+00 1.364340e+00 3.083602e+00 
47 659 0 0 0 2.020264e+00 -4.441057e+00 -3.005829e+00 1.357038e+00 -3.349334e+00 1.117670e+00 1.018834e+00 -5.257323e-01 -4.349928e+00 1.070630e+00 -6.921275e-01 3.886484e+00 1.443865e-01 -1.862936e+00 8.827365e-01 1.686411e+00 -7.994726e-01 4.405877e-01 -4.226941e-01 -1.116821e+00 -2.391779e+00 -3.754335e-01 -9.263666e-01 -4.273021e-01 1.223032e+00 3.246591e+00 -1.239727e-01 -3.374314e+00 -6.108625e+00 -1.260288e+00 1.515345e+00 3.360887e+00 
48 673 0 0 0 1.975052e+00 -4.519677e+00 -2.962123e+00 1.402294e+00 -3.376952e+00 1.154307e+00 1.358856e+00 -3.712672e-01 -4.161572e+00 1.140400e+00 -1.125049e+00 3.970085e+00 2.196800e-01 -1.743699e+00 9.398025e-01 1.751373e+00 -1.133915e+00 5.400521e-01 -6.501797e-01 -1.031356e+00 -2.227834e+00 -6.627444e-01 -8.890338e-01 -4.224340e-01 7.918973e-01 3.420916e+00 2.469806e-01 -3.338826e+00 -6.139772e+00 -1.234989e+00 1.332623e+00 3.133072e+00 
49 687 0 0 0 1.840925e+00 -4.616160e+00 -2.511050e+00 1.253876e+00 -3.194490e+00 1.136108e+00 1.443637e+00 -3.089228e-01 -4.074260e+00 1.577505e+00 -1.185566e+00 3.831369e+00 2.755718e-01 -1.745428e+00 9.517742e-01 1.835811e+00 -1.377181e+00 7.764658e-01 -5.109582e-01 -1.163148e+00 -1.771127e+00 -6.838167e-01 -9.183417e-01 -4.871452e-01 4.566993e-01 3.222125e+00 2.184752e-01 -3.225704e+00 -5.849044e+00 -1.141039e+00 1.312878e+00 3.291811e+00 
50 701 0 0 0 1.764357e+00 -4.875475e+00 -2.850847e+00 1.495621e+00 -3.400199e+00 8.000566e-01 1.809899e+00 -2.874994e-01 -3.796358e+00 1.514613e+00 -1.052727e+00 3.854303e+00 4.432229e-01 -2.122572e+00 9.442453e-01 1.807437e+00 -1.387027e+00 8.145354e-01 -2.725267e-01 -7.985104e-01 -1.805369e+00 -8.556112e-01 -9.585208e-01 -5.242906e-01 4.158793e-01 3.322781e+00 -1.330756e-01 -2.839702e+00 -5.932795e+00 -1.061253e+00 1.234595e+00 3.236001e+00 
51 715 0 0 0 1.836987e+00 -4.993173e+00 -2.667586e+00 1.395082e+00 -3.128533e+00 6.625951e-01 1.558297e+00 -3.358408e-01 -3.756308e+00 1.321566e+00 -8.873772e-01 4.210291e+00 8.071237e-01 -2.160702e+00 8.807327e-01 1.914386e+00 -9.467632e-01 1.193394e+00 -5.161073e-01 -1.042149e+00 -1.927374e+00 -6.576317e-01 -1.169354e+00 -4.942269e-01 5.422303e-01 3.124396e+00 -4.672910e-01 -2.808988e+00 -5.887761e+00 -1.081090e+00 9.670036e-01 3.169812e+00 
52 729 0 0 0 1.966498e+00 -4.901837e+00 -2.725512e+00 1.566044e+00 -3.131815e+00 6.385998e-01 1.634549e+00 -1.476902e-01 -3.734529e+00 1.658413e+00 -6.786876e-01 3.900189e+00 7.751908e-01 -2.193031e+00 7.113178e-01 1.686300e+00 -6.510971e-01 1.344774e+00 -2.759992e-01 -7.152226e-01 -2.270307e+00 -5.889991e-01 -1.295066e+00 -1.321293e-01 1.583488e-01 3.210856e+00 -6.108782e-01 -2.907566e+00 -5.824631e+00 -9.570553e-01 1.222713e+00 2.931284e+00 
53 743 0 0 0 2.014433e+00 -4.792884e+00 -2.447062e+00 1.650516e+00 -3.244421e+00 6.817522e-01 1.415127e+00 -4.109045e-01 -3.947596e+00 1.569725e+00 -7.088192e-01 3.650145e+00 7.417657e-01 -2.196461e+00 8.763022e-01 2.070999e+00 -7.553908e-01 1.211341e+00 -4.651850e-02 -9.065983e-01 -2.265423e+00 -7.738352e-01 -1.201633e+00 -5.864361e-02 7.909326e-02 2.833617e+00 -7.157022e-01 -3.048674e+00 -6.043141e+00 -9.543606e-01 1.146587e+00 2.743058e+00 
54 757 0 0 0 2.301277e+00 -4.791066e+00 -2.739946e+00 1.672010e+00 -3.221693e+00 5.923618e-01 1.088727e+00 -5.596012e-01 -3.944658e+00 1.517038e+00 -9.471776e-01 3.859125e+00 5.691904e-01 -2.392422e+00 6.846944e-01 1.898046e+00 -3.246046e-01 1.028259e+00 3.297138e-03 -6.810513e-01 -2.433504e+00 -7.634528e-01 -1.560229e+00 -8.592369e-02 -1.995016e-02 2.486979e+00 -8.073495e-01 -3.144964e+00 -6.288229e+00 -7.698705e-01 1.226433e+00 2.456693e+00 
55 771 0 0 0 2.060601e+00 -4.648033e+00 -2.973378e+00 1.731050e+00 -3.461022e+00 5.409545e-01 1.087935e+00 -4.520378e-01 -4.051059e+00 1.704999e+00 -8.588386e-01 4.079658e+00 8.888199e-01 -2.362077e+00 5.931207e-01 1.944865e+00 -4.215196e-02 6.752024e-01 -5.025935e-02 -6.693360e-01 -2.381347e+00 -9.037363e-01 -1.913020e+00 5.127553e-02 3.232999e-02 2.571714e+00 -7.286970e-01 -3.228797e+00 -6.165115e+00 -9.209393e-01 1.036420e+00 2.458480e+00 
56 785 0 0 0 1.868909e+00 -4.527514e+00 -3.119003e+00 1.440398e+00 -3.202566e+00 5.931155e-01 1.196780e+00 -6.931737e-01 -3.853921e+00 1.548191e+00 -9.382378e-01 4.126656e+00 1.110821e+00 -2.438047e+00 7.183698e-01 1.807460e+00 -1.887777e-01 5.154853e-01 -4.252053e-01 -6.169236e-01 -2.711509e+00 -5.853532e-01 -1.795129e+00 4.717149e-01 -1.683312e-01 2.478184e+00 -5.608064e-01 -3.126579e+00 -6.112008e+00 -1.170945e+00 9.103971e-01 2.291140e+00 
57 799 0 0 0 1.803325e+00 -4.375953e+00 -2.949039e+00 1.463532e+00 -3.293867e+00 8.089104e-01 1.132970e+00 -5.671929e-01 -3.407998e+00 1.668448e+00 -9.463118e-01 4.157277e+00 9.229436e-01 -2.635716e+00 6.383034e-01 1.676418e+00 -7.534538e-02 5.053043e-01 -4.638339e-01 -5.235951e-01 -2.446081e+00 -8.628874e-01 -1.501655e+00 6.366510e-01 -1.501278e-01 2.668082e+00 -8.912928e-01 -3.140872e+00 -6.251173e+00 -9.592274e-01 1.224280e+00 2.042166e+00 
58 813 0 0 0 2.240399e+00 -4.439090e+00 -2.905116e+00 1.374481e+00 -3.419673e+00 8.522013e-01 8.062611e-01 -6.219353e-01 -3.683812e+00 1.536851e+00 -8.632565e-01 4.042200e+00 6.318777e-01 -2.750163e+00 6.520651e-01 1.685058e+00 -5.698867e-02 7.625713e-01 -3.892909e-01 -6.849465e-01 -2.705002e+00 -9.099251e-01 -1.532072e+00 9.064132e-01 3.044929e-02 3.009476e+00 -9.388689e-01 -3.169933e+00 -6.501403e+00 -4.787186e-01 1.309911e+00 2.022181e+00 
59 827 0 0 0 2.177498e+00 -4.432955e+00 -2.838429e+00 1.432707e+00 -3.421165e+00 1.028906e+00 5.473262e-01 -4.938908e-01 -3.657075e+00 1.585439e+00 -1.253918e+00 4.105156e+00 6.550447e-01 -2.525509e+00 4.319914e-01 1.943636e+00 -2.613883e-01 6.243665e-01 -3.449623e-01 -8.268394e-01 -3.079770e+00 -7.923065e-01 -1.583949e+00 9.013592e-01 7.485397e-02 2.983977e+00 -4.518160e-01 -3.031673e+00 -6.986184e+00 -3.232482e-01 1.287632e+00 2.091545e+00 
60 841 0 0 0 2.413537e+00 -4.476390e+00 -2.919949e+00 1.409144e+00 -3.584853e+00 9.227894e-01 3.430691e-01 -7.020735e-01 -3.809281e+00 1.727466e+00 -1.465919e+00 4.060178e+00 6.937335e-01 -2.569519e+00 2.963424e-01 1.685141e+00 -4.599478e-01 6.361242e-01 -2.742767e-01 -7.972236e-01 -3.166011e+00 -9.873067e-01 -1.721736e+00 6.879150e-01 3.846686e-01 2.889159e+00 -4.061382e-01 -2.981006e+00 -7.059944e+00 -4.987881e-01 1.367116e+00 1.938712e+00 
61 855 0 0 0 2.643801e+00 -4.661851e+00 -3.099070e+00 1.330576e+00 -3.784835e+00 1.187922e+00 5.061860e-01 -8.485879e-01 -3.936312e+00 1.729450e+00 -1.313834e+00 4.137136e+00 8.112409e-01 -2.680472e+00 2.103292e-01 1.593445e+00 -4.443678e-01 6.269610e-01 -3.844228e-01 -6.906729e-01 -3.295098e+00 -8.287154e-01 -1.672470e+00 6.215320e-01 3.108495e-01 3.109673e+00 -5.276321e-01 -3.171725e+00 -7.008460e+00 -6.601372e-01 1.251145e+00 2.198232e+00 
62 869 0 0 0 2.906483e+00 -4.590379e+00 -3.065413e+00 1.318140e+00 -3.658124e+00 1.064012e+00 6.528354e-01 -8.269105e-01 -3.672134e+00 1.761419e+00 -1.158407e+00 4.317148e+00 8.035296e-01 -2.811626e+00 2.120860e-01 1.633253e+00 -1.591182e-01 5.508623e-01 -3.367609e-01 -9.461646e-01 -3.385872e+00 -8.461065e-01 -1.753235e+00 5.062775e-01 2.807441e-01 3.091110e+00 -6.286547e-01 -3.190286e+00 -6.943151e+00 -8.844405e-01 1.139028e+00 2.159531e+00 
63 883 0 0 0 3.042072e+00 -4.763474e+00 -3.313838e+00 1.629771e+00 -3.723514e+00 9.042083e-01 6.046484e-01 -8.717588e-01 -3.666279e+00 1.834082e+00 -1.501637e+00 4.587519e+00 9.059390e-01 -2.941877e+00 2.391828e-01 1.527759e+00 4.025003e-02 5.303562e-01 -3.923409e-01 -6.941087e-01 -3.606752e+00 -9.382053e-01 -1.919398e+00 5.615427e-01 -1.180892e-01 2.876834e+00 -4.565491e-01 -3.317080e+00 -7.031468e+00 -8.595079e-01 1.179413e+00 2.049811e+00 
64 897 0 0 0 3.222737e+00 -4.966147e+00 -3.131768e+00 1.484148e+00 -4.069636e+00 8.636777e-01 2.524661e-01 -8.474421e-01 -3.554868e+00 1.972899e+00 -1.530141e+00 4.271508e+00 1.367366e+00 -2.909996e+00 3.319653e-01 1.507043e+00 -6.335745e-03 4.732746e-01 -2.820719e-01 -6.583171e-01 -3.617238e+00 -8.475491e-01 -1.979257e+00 5.123298e-01 -1.775361e-01 3.064026e+00 -3.631506e-01 -3.347604e+00 -7.050187e+00 -8.735375e-01 1.297839e+00 2.082995e+00 
65 911 0 0 0 3.205087e+00 -4.732891e+00 -3.177130e+00 1.739033e+00 -4.038467e+00 8.715013e-01 -2.524333e-01 -9.035400e-01 -3.496682e+00 1.943424e+00 -1.568901e+00 4.156830e+00 1.491647e+00 -3.042910e+00 2.252860e-01 1.632127e+00 1.999380e-01 2.724992e-01 -3.953431e-01 -4.470294e-01 -3.928973e+00 -9.097131e-01 -1.949224e+00 6.537354e-01 -1.940722e-01 2.961963e+00 -2.818178e-01 -3.354189e+00 -6.889544e+00 -6.690705e-01 1.464991e+00 2.262132e+00 
66 925 0 0 0 3.206201e+00 -4.667093e+00 -2.917953e+00 2.072984e+00 -4.013170e+00 7.933270e-01 -2.326797e-01 -1.067899e+00 -3.497919e+00 2.143012e+00 -1.614020e+00 4.134081e+00 1.474978e+00 -3.258076e+00 2.275450e-01 1.509036e+00 3.985625e-01 2.294749e-01 -3.036023e-01 -5.793572e-01 -4.050831e+00 -1.096307e+00 -1.817718e+00 7.021256e-01 -1.088393e-01 3.060990e+00 -1.600687e-01 -3.588759e+00 -6.776604e+00 -8.426041e-01 1.592439e+00 2.156101e+00 
67 939 0 0 0 3.440428e+00 -4.586101e+00 -2.654654e+00 1.819503e+00 -4.160163e+00 6.471492e-01 3.281143e-02 -8.258123e-01 -3.492807e+00 2.357794e+00 -1.795941e+00 4.128153e+00 1.345479e+00 -3.406625e+00 2.451070e-01 1.598057e+00 4.484325e-01 3.701454e-01 6.718804e-02 -3.355443e-01 -4.041058e+00 -1.565595e+00 -1.740282e+00 6.983315e-01 -1.344207e-01 3.224207e+00 4.913783e-02 -3.639731e+00 -6.409458e+00 -8.703989e-01 1.588433e+00 2.169705e+00 
68 953 0 0 0 3.450084e+00 -4.170036e+00 -2.570631e+00 1.419583e+00 -3.914477e+00 7.061696e-01 2.877148e-01 -3.345200e-01 -3.558209e+00 2.280705e+00 -1.957855e+00 4.076559e+00 1.230190e+00 -3.326652e+00 2.528770e-01 1.205306e+00 3.569440e-01 5.373480e-01 -5.274634e-02 -3.374252e-01 -3.998851e+00 -1.581941e+00 -1.640573e+00 5.486107e-01 -3.622789e-02 3.221213e+00 -1.312675e-01 -3.730909e+00 -6.193952e+00 -1.090068e+00 1.322798e+00 2.014243e+00 
69 967 0 0 0 3.197885e+00 -4.099177e+00 -2.441111e+00 1.502170e+00 -3.838046e+00 9.817003e-01 1.561291e-01 -3.841780e-01 -3.279518e+00 2.014405e+00 -1.673997e+00 4.150447e+00 1.279092e+00 -3.240458e+00 1.567090e-01 1.053072e+00 2.005258e-01 6.457534e-01 2.440797e-01 -2.786295e-01 -3.641500e+00 -1.823547e+00 -1.623491e+00 6.756812e-01 -2.184228e-02 3.376875e+00 -3.390648e-01 -3.601363e+00 -6.116183e+00 -1.101256e+00 1.249078e+00 2.321327e+00 
70 981 0 0 0 3.186979e+00 -4.052227e+00 -2.479297e+00 1.598391e+00 -3.971509e+00 1.188408e+00 5.090072e-02 -4.235882e-01 -3.143514e+00 1.869811e+00 -1.404591e+00 3.834455e+00 1.121895e+00 -2.904594e+00 2.680785e-01 1.243406e+00 1.219603e-01 5.634266e-01 1.361977e-01 -2.467302e-02 -3.595044e+00 -1.737744e+00 -1.770410e+00 7.015190e-01 -1.766416e-01 3.278609e+00 -3.982629e-01 -3.271052e+00 -6.021726e+00 -1.156095e+00 1.231897e+00 2.372118e+00 
71 995 0 0 0 3.005509e+00 -4.026778e+00 -2.612145e+00 1.690007e+00 -4.016409e+00 1.361914e+00 5.919539e-02 -2.955437e-01 -2.887050e+00 1.612673e+00 -1.648902e+00 3.849401e+00 1.334386e+00 -2.971654e+00 6.006666e-01 1.341473e+00 -4.729184e-02 6.605429e-01 8.224952e-02 -2.000317e-01 -3.409910e+00 -1.787257e+00 -1.792269e+00 5.855688e-01 -1.875527e-01 2.972134e+00 -4.627471e-01 -3.245451e+00 -5.965700e+00 -1.422412e+00 1.573684e+00 2.129643e+00 
72 1009 0 0 0 2.633247e+00 -4.260712e+00 -2.685686e+00 1.712471e+00 -4.031795e+00 1.507227e+00 2.634138e-01 -8.620086e-02 -3.253777e+00 1.448528e+00 -1.264914e+00 4.127456e+00 1.258525e+00 -2.841787e+00 6.708785e-01 1.232815e+00 -9.731569e-02 7.137282e-01 2.439560e-01 -4.602098e-01 -3.213468e+00 -1.778220e+00 -1.661425e+00 7.844366e-01 -1.953306e-01 3.264175e+00 -4.990595e-01 -3.046009e+00 -5.872162e+00 -1.712318e+00 1.688118e+00 2.177188e+00 
73 1023 0 0 0 2.326607e+00 -3.897871e+00 -2.631202e+00 1.706959e+00 -3.868970e+00 1.884887e+00 7.167193e-01 -1.693418e-01 -3.166042e+00 1.168642e+00 -1.359732e+00 4.091724e+00 1.348345e+00 -2.691009e+00 5.870729e-01 1.361054e+00 -1.198434e-01 7.321222e-01 -4.638705e-02 -4.870666e-01 -3.013033e+00 -1.621721e+00 -1.420832e+00 6.223519e-01 -1.366171e-01 3.324707e+00 -5.586975e-01 -2.849565e+00 -5.572083e+00 -1.983489e+00 1.500517e+00 2.283099e+00 
74 1037 0 0 0 2.248663e+00 -3.766686e+00 -2.535880e+00 1.662412e+00 -3.755384e+00 1.665285e+00 4.674055e-01 -1.848211e-01 -3.033222e+00 1.355917e+00 -1.228465e+00 4.075540e+00 1.507338e+00 -2.758309e+00 8.271870e-01 1.333241e+00 -1.868923e-01 6.939288e-01 -1.193947e-02 -6.242131e-01 -3.351027e+00 -1.647631e+00 -1.293790e+00 9.106478e-01 -5.078604e-01 3.200967e+00 -4.958088e-01 -3.007046e+00 -5.469297e+00 -2.023580e+00 1.629509e+00 2.333883e+00 
75 1051 0 0 0 2.264516e+00 -3.760826e+00 -2.339027e+00 1.531419e+00 -3.740119e+00 1.471817e+00 1.306329e-01 -3.040207e-01 -3.075965e+00 1.150661e+00 -1.207218e+00 3.848600e+00 1.577756e+00 -2.698959e+00 6.493759e-01 1.426991e+00 -5.629447e-02 7.360058e-01 -5.933150e-02 -5.024107e-01 -3.275698e+00 -1.601907e+00 -1.183813e+00 5.916284e-01 -1.866514e-01 3.235562e+00 -4.009574e-01 -2.823668e+00 -5.498041e+00 -2.079896e+00 1.623307e+00 2.337956e+00 
76 1065 0 0 0 1.999682e+00 -3.540976e+00 -2.298699e+00 1.642988e+00 -3.792673e+00 1.489135e+00 1.456128e-01 -4.722466e-01 -2.823731e+00 1.147802e+00 -1.295724e+00 3.737847e+00 1.571565e+00 -2.758086e+00 4.996945e-01 1.718688e+00 -1.643085e-02 6.928598e-01 -1.132416e-01 -1.574576e-01 -3.613302e+00 -1.750819e+00 -1.125797e+00 7.675788e-01 -4.159717e-01 3.394451e+00 -3.946474e-01 -2.965921e+00 -5.417525e+00 -2.275992e+00 1.535127e+00 2.419996e+00 
77 1079 0 0 0 1.931837e+00 -3.407581e+00 -2.002619e+00 1.316859e+00 -3.815539e+00 1.559200e+00 2.510113e-01 -2.181631e-01 -2.795830e+00 1.035953e+00 -1.408281e+00 3.712936e+00 1.626532e+00 -2.653329e+00 7.187916e-01 1.706031e+00 -8.740996e-02 1.052378e+00 -1.951511e-01 2.019607e-01 -3.211268e+00 -1.676693e+00 -1.001936e+00 8.105917e-01 -4.719058e-01 3.535062e+00 -6.504649e-01 -3.165931e+00 -5.570833e+00 -2.476415e+00 1.377968e+00 2.219374e+00 
78 1093 0 0 0 2.148598e+00 -3.657721e+00 -2.211952e+00 1.298719e+00 -4.050984e+00 1.496748e+00 1.903922e-01 -4.193014e-01 -2.699936e+00 9.281470e-01 -1.428487e+00 3.806303e+00 1.841789e+00 -2.736084e+00 5.490489e-01 1.506096e+00 -1.141617e-01 8.230199e-01 -7.828512e-02 1.808710e-01 -3.340947e+00 -1.705001e+00 -1.162249e+00 7.768177e-01 -5.039300e-01 3.157391e+00 -7.067812e-01 -3.192375e+00 -5.869452e+00 -2.087956e+00 1.376700e+00 2.196647e+00 
79 1107 0 0 0 2.061208e+00 -3.591576e+00 -2.323080e+00 1.312849e+00 -4.128006e+00 1.294808e+00 -4.170564e-02 -4.095964e-01 -2.782832e+00 6.783666e-01 -1.331257e+00 3.710965e+00 2.077364e+00 -2.750137e+00 4.858689e-01 1.509119e+00 -3.066700e-02 7.393814e-01 -3.617637e-01 -1.640627e-01 -3.159969e+00 -1.705524e+00 -1.149385e+00 6.788303e-01 -5.942522e-01 3.189752e+00 -7.341067e-01 -2.873011e+00 -5.840629e+00 -2.220865e+00 1.383331e+00 2.413311e+00 
80 1121 0 0 0 2.050340e+00 -3.718056e+00 -2.079496e+00 1.298754e+00 -4.126625e+00 1.173748e+00 2.896513e-02 -3.685183e-01 -2.850952e+00 4.920082e-01 -1.304237e+00 3.855771e+00 2.142003e+00 -2.760886e+00 6.989729e-01 1.680046e+00 7.241467e-02 7.817565e-01 -1.593935e-01 -4.773071e-01 -3.315060e+00 -1.468564e+00 -1.178236e+00 5.702406e-01 -4.786078e-01 3.154417e+00 -7.164298e-01 -2.866353e+00 -5.833157e+00 -2.244074e+00 1.498192e+00 2.293157e+00 
81 1135 0 0 0 2.194208e+00 -3.427133e+00 -1.907512e+00 1.453960e+00 -3.954264e+00 1.289787e+00 8.066140e-02 -1.687460e-01 -2.805090e+00 4.215467e-01 -1.271806e+00 3.948453e+00 2.034508e+00 -2.875890e+00 6.467002e-01 1.521920e+00 1.659450e-01 7.104386e-01 -5.777789e-02 -3.182594e-01 -3.187352e+00 -1.742000e+00 -9.490407e-01 5.782732e-01 -6.139666e-01 3.210125e+00 -8.125996e-01 -2.598149e+00 -5.944430e+00 -2.200480e+00 1.472556e+00 2.051624e+00 
82 1149 0 0 0 2.570744e+00 -3.403577e+00 -1.897738e+00 1.475640e+00 -4.225446e+00 1.273365e+00 1.688244e-01 -4.465980e-01 -2.856702e+00 4.910807e-01 -1.210239e+00 3.770266e+00 2.035427e+00 -3.154790e+00 5.402004e-01 1.561089e+00 3.181284e-01 7.616874e-01 2.413502e-01 -3.309762e-01 -3.307264e+00 -1.569899e+00 -1.084162e+00 4.968655e-01 -4.294354e-01 3.371658e+00 -7.118097e-01 -2.492538e+00 -6.208401e+00 -2.035155e+00 1.369862e+00 1.961173e+00 
83 1163 0 0 0 2.725291e+00 -3.653541e+00 -1.983647e+00 1.453482e+00 -4.026393e+00 1.352296e+00 2.391129e-01 -4.303816e-01 -2.982213e+00 3.952021e-01 -1.189392e+00 3.796776e+00 2.032657e+00 -3.078380e+00 5.674453e-01 1.656551e+00 4.074202e-01 7.044956e-01 1.574076e-01 -2.771409e-01 -3.487745e+00 -1.412184e+00 -1.087339e+00 6.925303e-01 -4.698554e-01 3.326157e+00 -7.967696e-01 -2.512031e+00 -6.283860e+00 -1.992819e+00 1.435997e+00 2.050314e+00 
84 1177 0 0 0 2.705786e+00 -3.612234e+00 -1.971560e+00 1.308859e+00 -3.744553e+00 1.369230e+00 2.952256e-01 -4.786406e-01 -2.902313e+00 5.604111e-01 -1.035505e+00 3.841068e+00 2.175261e+00 -3.160053e+00 3.754298e-01 1.596066e+00 3.725581e-01 1.002639e+00 -3.142314e-02 -3.796225e-01 -3.385016e+00 -1.381997e+00 -1.037081e+00 8.883055e-01 -4.672664e-01 3.337610e+00 -6.759366e-01 -2.465728e+00 -6.325669e+00 -2.011672e+00 1.450341e+00 1.834926e+00 
85 1191 0 0 0 2.434033e+00 -3.675033e+00 -1.888952e+00 1.470098e+00 -3.764908e+00 1.438611e+00 3.207739e-01 -4.398318e-01 -3.078498e+00 4.322258e-01 -9.174517e-01 3.514111e+00 1.897020e+00 -3.289875e+00 3.456413e-01 1.564992e+00 3.965359e-01 1.089673e+00 -1.067262e-01 -1.098229e-01 -3.442763e+00 -1.305111e+00 -8.830110e-01 9.294992e-01 -4.386810e-01 3.371035e+00 -9.076236e-01 -2.359175e+00 -6.036173e+00 -1.903053e+00 1.541689e+00 1.646470e+00 
86 1205 0 0 0 2.408953e+00 -3.749851e+00 -1.840180e+00 1.368858e+00 -3.824493e+00 1.519005e+00 3.102910e-01 -4.059355e-01 -2.955798e+00 2.466927e-01 -9.895392e-01 3.360086e+00 1.940164e+00 -3.270824e+00 3.961802e-01 1.565411e+00 3.196727e-01 1.092784e+00 -2.888320e-01 9.671972e-04 -3.376380e+00 -1.399863e+00 -9.869819e-01 1.013807e+00 -4.334888e-01 3.314947e+00 -8.728009e-01 -2.492021e+00 -6.001094e+00 -1.963549e+00 1.416170e+00 1.648896e+00 
87 1219 0 0 0 2.406504e+00 -3.684909e+00 -1.833733e+00 1.246573e+00 -3.860015e+00 1.634600e+00 2.375224e-01 -2.284866e-01 -2.977890e+00 1.390229e-01 -1.080405e+00 3.298943e+00 1.861111e+00 -3.230217e+00 5.134629e-01 1.655064e+00 6.287896e-01 1.142451e+00 -2.983128e-01 -1.022558e-01 -3.316687e+00 -1.509410e+00 -1.088791e+00 1.302277e+00 -5.038694e-01 3.186327e+00 -6.746116e-01 -2.379184e+00 -6.080289e+00 -1.979479e+00 1.391190e+00 1.745481e+00 
88 1233 0 0 0 2.424918e+00 -3.604076e+00 -1.713731e+00 1.252336e+00 -3.846795e+00 1.819978e+00 3.512593e-01 -2.118136e-01 -3.019249e+00 2.386213e-02 -1.157789e+00 3.434954e+00 1.874535e+00 -3.213040e+00 3.880808e-01 1.679878e+00 7.306796e-01 1.336458e+00 -2.831882e-01 -7.371464e-02 -3.276235e+00 -1.591741e+00 -9.700126e-01 1.226114e+00 -5.583743e-01 3.065209e+00 -7.489426e-01 -2.288418e+00 -6.150763e+00 -2.146354e+00 1.225052e+00 1.710852e+00 
89 1247 0 0 0 2.545650e+00 -3.744827e+00 -1.650629e+00 1.333290e+00 -3.790225e+00 1.566301e+00 3.790064e-01 -2.058243e-01 -3.363232e+00 -2.661443e-03 -1.069629e+00 3.127274e+00 1.916203e+00 -3.320089e+00 3.493788e-01 1.640862e+00 5.816353e-01 1.277756e+00 -2.861389e-01 -1.261301e-01 -3.360182e+00 -1.299022e+00 -1.053538e+00 1.253054e+00 -3.569424e-01 3.059683e+00 -8.963559e-01 -2.188747e+00 -6.255912e+00 -2.096783e+00 1.346252e+00 1.781005e+00 
90 1261 0 0 0 2.465806e+00 -3.810022e+00 -1.561728e+00 1.302503e+00 -4.038285e+00 1.815372e+00 2.062548e-01 -2.124497e-01 -3.550922e+00 -9.030526e-02 -8.471043e-01 3.062418e+00 1.966634e+00 -3.321982e+00 3.379582e-01 1.747795e+00 7.406274e-01 1.025380e+00 -2.632487e-01 -4.968624e-03 -3.131626e+00 -1.286442e+00 -1.047439e+00 1.189413e+00 -4.186474e-01 3.133799e+00 -1.008503e+00 -2.257588e+00 -6.259059e+00 -2.122722e+00 1.408143e+00 1.833245e+00 
91 1275 0 0 0 2.359292e+00 -3.788356e+00 -1.559457e+00 1.164388e+00 -4.029577e+00 1.908564e+00 1.735654e-01 -1.606623e-01 -3.521636e+00 -1.572267e-01 -9.992606e-01 3.001106e+00 1.763653e+00 -3.343638e+00 4.024378e-01 1.912531e+00 6.328696e-01 1.159445e+00 -1.019108e-01 1.076163e-01 -3.121100e+00 -1.267911e+00 -9.755222e-01 1.320405e+00 -5.494591e-01 3.264780e+00 -1.079761e+00 -2.378272e+00 -6.135842e+00 -2.240808e+00 1.387071e+00 1.812347e+00 
92 1289 0 0 0 2.399111e+00 -3.981483e+00 -1.545599e+00 1.250879e+00 -3.992550e+00 1.907031e+00 2.059062e-01 -1.692708e-01 -3.522186e+00 -2.902217e-01 -1.011815e+00 2.993747e+00 1.860041e+00 -3.473926e+00 4.221675e-01 1.898115e+00 4.706065e-01 1.320269e+00 -9.518468e-02 1.334707e-01 -3.015826e+00 -1.384779e+00 -1.103974e+00 1.355571e+00 -4.671938e-01 3.125502e+00 -1.076759e+00 -2.612707e+00 -6.204246e+00 -2.222705e+00 1.312218e+00 1.867938e+00 
93 1303 0 0 0 2.388246e+00 -4.033158e+00 -1.616851e+00 1.182779e+00 -3.969983e+00 1.971360e+00 1.752617e-01 -6.232352e-02 -3.252533e+00 -2.268655e-01 -1.000524e+00 2.978227e+00 1.983040e+00 -3.373604e+00 4.378566e-01 1.801323e+00 4.227042e-01 1.268147e+00 2.640452e-02 1.856088e-01 -2.669056e+00 -1.464335e+00 -1.138732e+00 1.093976e+00 -5.244603e-01 3.264120e+00 -9.742800e-01 -2.429950e+00 -6.302618e+00 -2.266249e+00 1.413186e+00 2.046498e+00 
94 1317 0 0 0 2.257029e+00 -3.800174e+00 -1.726774e+00 1.077331e+00 -3.958064e+00 1.993532e+00 3.475159e-01 6.442821e-02 -3.178325e+00 -2.201677e-01 -1.241589e+00 2.815311e+00 2.045730e+00 -3.373703e+00 4.797950e-01 1.772789e+00 3.757231e-01 1.174355e+00 -1.801239e-02 3.593519e-01 -2.659080e+00 -1.364698e+00 -1.130645e+00 1.164388e+00 -4.429617e-01 3.092838e+00 -9.615646e-01 -2.404823e+00 -6.098922e+00 -2.298721e+00 1.230179e+00 1.931525e+00 
95 1331 0 0 0 2.422576e+00 -3.917536e+00 -1.789021e+00 1.022513e+00 -3.998461e+00 2.016809e+00 2.982221e-01 -1.232474e-01 -3.134773e+00 -5.352134e-01 -1.141151e+00 2.894176e+00 2.370191e+00 -3.284382e+00 4.628711e-01 1.776433e+00 4.601938e-01 1.212262e+00 9.812125e-02 3.552875e-01 -2.528560e+00 -1.431494e+00 -1.190578e+00 1.187139e+00 -3.821390e-01 3.083233e+00 -1.082412e+00 -2.494302e+00 -5.970863e+00 -2.414891e+00 1.192967e+00 1.990624e+00 
96 1345 0 0 0 2.367810e+00 -4.095199e+00 -1.727428e+00 1.085408e+00 -3.980313e+00 2.060690e+00 3.061406e-01 -2.137036e-02 -3.031894e+00 -5.814211e-01 -1.157651e+00 2.827013e+00 2.369468e+00 -3.320382e+00 4.611229e-01 1.933240e+00 5.176843e-01 1.186892e+00 -8.642963e-02 3.621618e-01 -2.517594e+00 -1.451897e+00 -1.109452e+00 1.340691e+00 -4.657897e-01 2.984407e+00 -1.166949e+00 -2.635848e+00 -5.742203e+00 -2.442437e+00 1.072335e+00 2.059931e+00 
97 1359 0 0 0 2.589579e+00 -4.096482e+00 -1.754373e+00 1.095511e+00 -4.248382e+00 1.879403e+00 2.041225e-01 -4.443962e-03 -3.039831e+00 -3.651582e-01 -1.214364e+00 2.934884e+00 2.345679e+00 -3.259784e+00 6.919990e-01 1.910366e+00 5.124999e-01 1.412815e+00 -8.873392e-02 4.104464e-01 -2.656775e+00 -1.358318e+00 -1.193167e+00 1.214451e+00 -5.217853e-01 3.051074e+00 -1.030520e+00 -2.556120e+00 -5.801864e+00 -2.499481e+00 1.155682e+00 2.039517e+00 
98 1373 0 0 0 2.756142e+00 -4.279099e+00 -1.606982e+00 1.120901e+00 -3.968390e+00 1.797462e+00 3.225770e-03 -2.440261e-01 -3.326539e+00 -3.855230e-01 -1.213286e+00 2.801716e+00 2.405821e+00 -3.348397e+00 5.738989e-01 1.874757e+00 6.821779e-01 1.363661e+00 4.456332e-02 6.029610e-01 -2.594018e+00 -1.357154e+00 -1.237639e+00 9.972188e-01 -5.164785e-01 3.095715e+00 -8.657998e-01 -2.505261e+00 -5.876274e+00 -2.328779e+00 1.171184e+00 1.992560e+00 
99 1387 0 0 0 2.768831e+00 -4.127838e+00 -1.689853e+00 1.141907e+00 -3.925916e+00 1.699286e+00 8.678459e-03 -3.890750e-01 -3.259720e+00 -2.605423e-01 -1.441237e+00 3.084921e+00 2.170633e+00 -3.332809e+00 4.578200e-01 1.868715e+00 7.943709e-01 1.416144e+00 2.600417e-02 5.951836e-01 -2.839922e+00 -1.402552e+00 -1.247365e+00 1.005673e+00 -3.798700e-01 2.947222e+00 -7.268197e-01 -2.563591e+00 -5.672234e+00 -2.431061e+00 1.195579e+00 1.961647e+00 
100 1401 0 0 0 2.689979e+00 -4.348969e+00 -1.736288e+00 1.046788e+00 -4.016330e+00 1.629120e+00 -2.719749e-02 -4.423418e-01 -3.520160e+00 -2.731434e-01 -1.275056e+00 3.054282e+00 2.082322e+00 -3.386342e+00 5.706906e-01 1.875126e+00 9.839545e-01 1.402160e+00 5.132310e-02 3.434155e-01 -2.685476e+00 -1.355560e+00 -1.272401e+00 9.383099e-01 -2.359038e-01 2.956620e+00 -6.894323e-01 -2.675091e+00 -5.654161e+00 -2.502077e+00 1.124142e+00 1.991553e+00 
101 1415 0 0 0 2.734386e+00 -4.353618e+00 -1.716145e+00 9.592331e-01 -3.942649e+00 1.526667e+00 2.168097e-02 -4.923846e-01 -3.452580e+00 -1.371420e-01 -1.287170e+00 3.297430e+00 1.925842e+00 -3.450595e+00 5.177265e-01 1.819915e+00 8.044296e-01 1.304076e+00 2.814714e-02 4.127908e-01 -2.707648e+00 -1.214765e+00 -1.330909e+00 1.098628e+00 -1.478600e-01 3.088570e+00 -7.157523e-01 -2.476763e+00 -5.797164e+00 -2.353232e+00 1.087076e+00 1.987394e+00 
102 1429 0 0 0 2.628245e+00 -4.169088e+00 -1.841385e+00 9.874311e-01 -3.965979e+00 1.574600e+00 -1.227594e-02 -3.155825e-01 -3.375875e+00 -8.118520e-02 -1.126515e+00 3.316015e+00 1.904274e+00 -3.358615e+00 3.400305e-01 1.742184e+00 7.149416e-01 1.309621e+00 -7.785243e-02 5.144523e-01 -2.755183e+00 -1.424113e+00 -1.351331e+00 9.928524e-01 -1.762335e-01 3.216177e+00 -7.650278e-01 -2.453373e+00 -5.675492e+00 -2.264145e+00 1.111863e+00 1.912346e+00 
103 1443 0 0 0 2.567297e+00 -4.093857e+00 -1.691084e+00 9.389554e-01 -3.956953e+00 1.813699e+00 1.804725e-02 -1.799628e-01 -3.472007e+00 -1.635316e-01 -1.117129e+00 3.297404e+00 1.878970e+00 -3.217862e+00 4.875694e-01 1.865397e+00 6.858174e-01 1.341985e+00 -1.864816e-02 4.542679e-01 -2.645892e+00 -1.459389e+00 -1.371165e+00 1.075510e+00 -2.415761e-02 3.251481e+00 -7.867683e-01 -2.237657e+00 -5.778385e+00 -2.326139e+00 9.208951e-01 1.847789e+00 
104 1457 0 0 0 2.663689e+00 -3.891800e+00 -1.635563e+00 1.029297e+00 -3.898714e+00 1.888386e+00 6.151661e-02 -2.991281e-01 -3.374625e+00 -8.690662e-02 -1.193606e+00 3.348416e+00 1.924205e+00 -3.294815e+00 6.118958e-01 1.670798e+00 7.587320e-01 1.514124e+00 3.891907e-02 4.859398e-01 -2.653665e+00 -1.554562e+00 -1.375105e+00 1.104715e+00 -1.249416e-01 3.297646e+00 -6.691054e-01 -2.168970e+00 -5.677725e+00 -2.336568e+00 9.528799e-01 1.932268e+00 
105 1471 0 0 0 2.628564e+00 -3.971711e+00 -1.621209e+00 9.926877e-01 -4.027528e+00 1.911851e+00 1.297582e-02 -1.694290e-01 -3.223229e+00 -8.741729e-02 -1.272508e+00 3.410130e+00 1.913677e+00 -3.312598e+00 5.372517e-01 1.608029e+00 7.882493e-01 1.453653e+00 -1.477383e-02 3.863194e-01 -2.593659e+00 -1.470904e+00 -1.387337e+00 1.260980e+00 -2.083752e-01 3.225973e+00 -6.032009e-01 -2.216275e+00 -5.653943e+00 -2.451702e+00 8.992138e-01 1.865643e+00 
106 1485 0 0 0 2.778315e+00 -3.907285e+00 -1.634720e+00 9.710341e-01 -4.027943e+00 1.919425e+00 1.318762e-01 -8.803360e-02 -3.143944e+00 -3.034360e-02 -1.344047e+00 3.221581e+00 2.011395e+00 -3.248653e+00 5.531166e-01 1.765964e+00 7.607218e-01 1.477041e+00 3.547774e-02 3.784449e-01 -2.424607e+00 -1.448942e+00 -1.351887e+00 1.323904e+00 -1.601111e-01 3.183002e+00 -6.755305e-01 -2.234730e+00 -5.724614e+00 -2.532209e+00 8.887729e-01 1.898110e+00 
107 1499 0 0 0 2.799609e+00 -3.973661e+00 -1.599760e+00 8.077272e-01 -4.165301e+00 1.860894e+00 7.766867e-02 -8.972754e-03 -3.154454e+00 6.892634e-02 -1.346924e+00 3.373890e+00 2.032000e+00 -3.104817e+00 6.110704e-01 1.887463e+00 8.085673e-01 1.522619e+00 -6.023778e-02 3.466965e-01 -2.637948e+00 -1.395933e+00 -1.261217e+00 1.357025e+00 -1.537597e-01 3.204799e+00 -6.898302e-01 -2.242545e+00 -5.793514e+00 -2.461225e+00 8.415421e-01 1.962614e+00 
108 1513 0 0 0 2.808773e+00 -4.207543e+00 -1.542811e+00 9.196783e-01 -4.149584e+00 1.827777e+00 5.485580e-02 -6.013405e-02 -3.298233e+00 8.409317e-02 -1.351493e+00 3.427812e+00 2.008520e+00 -3.206019e+00 6.270488e-01 1.964277e+00 8.271743e-01 1.590995e+00 -9.577987e-03 2.958444e-01 -2.700255e+00 -1.270998e+00 -1.300162e+00 1.441407e+00 -2.385879e-02 3.303952e+00 -6.292449e-01 -2.170677e+00 -5.974424e+00 -2.420782e+00 8.814059e-01 1.964079e+00 
109 1527 0 0 0 2.736085e+00 -4.299043e+00 -1.603127e+00 9.240018e-01 -4.098813e+00 1.801791e+00 1.249141e-01 -3.597294e-02 -3.274796e+00 9.410807e-02 -1.323303e+00 3.426647e+00 1.986693e+00 -3.274930e+00 7.616606e-01 1.997981e+00 9.274706e-01 1.538888e+00 -4.236407e-02 3.730750e-01 -2.556066e+00 -1.366545e+00 -1.176181e+00 1.473791e+00 -9.927163e-02 3.287876e+00 -6.295563e-01 -2.147373e+00 -5.809298e+00 -2.556155e+00 8.375211e-01 1.926934e+00 
110 1541 0 0 0 2.590838e+00 -4.317818e+00 -1.633163e+00 9.837308e-01 -4.165275e+00 1.841706e+00 2.791830e-01 -1.710339e-03 -3.249605e+00 1.919873e-01 -1.270359e+00 3.402192e+00 1.853064e+00 -3.198833e+00 6.623475e-01 2.055771e+00 1.006175e+00 1.548407e+00 1.916255e-02 3.983961e-01 -2.470245e+00 -1.320337e+00 -1.223030e+00 1.404454e+00 -1.817654e-01 3.292958e+00 -6.565697e-01 -1.971476e+00 -5.666404e+00 -2.561618e+00 8.043664e-01 1.773119e+00 
111 1555 0 0 0 2.504320e+00 -4.317432e+00 -1.493264e+00 1.070144e+00 -4.095381e+00 1.792635e+00 1.775692e-01 3.814927e-02 -3.215845e+00 2.335250e-01 -1.200500e+00 3.507884e+00 1.891373e+00 -3.215314e+00 6.435184e-01 2.076485e+00 1.015207e+00 1.543115e+00 1.683101e-02 3.921456e-01 -2.415457e+00 -1.251897e+00 -1.275616e+00 1.516609e+00 -1.865464e-01 3.265867e+00 -6.360452e-01 -1.873989e+00 -5.691715e+00 -2.638834e+00 8.234383e-01 1.839297e+00 
112 1569 0 0 0 2.483141e+00 -4.385821e+00 -1.495252e+00 1.141133e+00 -4.019424e+00 1.698540e+00 1.423952e-01 9.731176e-03 -3.244876e+00 3.119046e-01 -1.102382e+00 3.574803e+00 1.808285e+00 -3.202640e+00 6.128153e-01 1.844420e+00 9.852471e-01 1.530075e+00 -3.839435e-02 2.956159e-01 -2.414182e+00 -1.150667e+00 -1.271793e+00 1.532492e+00 -2.646071e-01 3.318228e+00 -5.179751e-01 -1.869780e+00 -5.683275e+00 -2.780504e+00 8.925902e-01 1.808316e+00 
113 1583 0 0 0 2.416461e+00 -4.444549e+00 -1.526360e+00 1.023687e+00 -4.107640e+00 1.660030e+00 2.254062e-01 -1.246925e-03 -3.278206e+00 2.470617e-01 -1.048530e+00 3.686047e+00 1.774529e+00 -3.215508e+00 6.465701e-01 1.856071e+00 1.047627e+00 1.514501e+00 1.058191e-01 2.728766e-01 -2.453701e+00 -1.105740e+00 -1.322574e+00 1.495470e+00 -1.672175e-01 3.235547e+00 -6.132335e-01 -1.829658e+00 -5.705974e+00 -2.852529e+00 8.960646e-01 1.788638e+00 
114 1597 0 0 0 2.374606e+00 -4.588103e+00 -1.581636e+00 1.083432e+00 -4.092187e+00 1.641811e+00 1.594502e-01 5.636118e-02 -3.263439e+00 1.008834e-01 -8.685357e-01 3.744161e+00 1.851290e+00 -3.210107e+00 5.881760e-01 1.961159e+00 1.141083e+00 1.474845e+00 -9.298059e-04 2.586624e-01 -2.416484e+00 -9.887239e-01 -1.372492e+00 1.537080e+00 -1.243247e-01 3.283579e+00 -7.141021e-01 -1.916415e+00 -5.718144e+00 -2.851393e+00 9.108261e-01 1.733786e+00 
115 1611 0 0 0 2.219449e+00 -4.603228e+00 -1.616335e+00 9.207771e-01 -3.919127e+00 1.610508e+00 7.889049e-02 1.565171e-01 -3.266273e+00 8.501233e-03 -8.197275e-01 3.818254e+00 1.768200e+00 -3.135042e+00 4.681409e-01 1.926885e+00 1.111756e+00 1.458610e+00 7.965139e-02 1.910287e-01 -2.489848e+00 -9.499708e-01 -1.351371e+00 1.579180e+00 -1.045819e-01 3.337318e+00 -7.324455e-01 -1.807264e+00 -5.515820e+00 -2.863982e+00 8.547149e-01 1.649744e+00 
116 1625 0 0 0 2.297327e+00 -4.554625e+00 -1.693115e+00 8.909504e-01 -3.834127e+00 1.661013e+00 9.600111e-02 8.026499e-02 -3.301869e+00 5.454765e-02 -8.380224e-01 3.821120e+00 1.739542e+00 -3.167275e+00 4.768543e-01 1.877724e+00 1.190840e+00 1.353504e+00 7.686305e-02 3.741126e-01 -2.562429e+00 -9.365777e-01 -1.375332e+00 1.581634e+00 -7.957768e-02 3.355151e+00 -6.502715e-01 -1.899576e+00 -5.459452e+00 -2.816987e+00 8.002237e-01 1.673812e+00 
117 1639 0 0 0 2.370075e+00 -4.612235e+00 -1.750360e+00 8.811306e-01 -3.806073e+00 1.444313e+00 4.290479e-02 5.628790e-02 -3.312655e+00 -3.280694e-02 -8.908905e-01 3.862622e+00 1.716835e+00 -3.211773e+00 4.441902e-01 1.853778e+00 1.180899e+00 1.273367e+00 1.730070e-01 3.945024e-01 -2.651502e+00 -9.827884e-01 -1.392397e+00 1.587287e+00 7.451845e-03 3.448663e+00 -7.327539e-01 -1.982665e+00 -5.427889e+00 -2.884691e+00 9.405997e-01 1.715254e+00 
118 1653 0 0 0 2.286085e+00 -4.487137e+00 -1.766202e+00 9.262269e-01 -3.882260e+00 1.400625e+00 -1.424768e-02 1.043918e-01 -3.459819e+00 -3.554574e-02 -8.102426e-01 3.884221e+00 1.650088e+00 -3.184480e+00 4.887583e-01 1.853894e+00 1.160123e+00 1.223543e+00 5.036351e-02 2.000264e-01 -2.528171e+00 -8.860204e-01 -1.403078e+00 1.567033e+00 -9.867584e-02 3.501344e+00 -7.233453e-01 -1.998834e+00 -5.307535e+00 -2.813593e+00 1.055796e+00 1.792520e+00 
119 1667 0 0 0 2.381796e+00 -4.485220e+00 -1.806881e+00 8.621228e-01 -3.894298e+00 1.467906e+00 4.065647e-02 1.503414e-01 -3.524312e+00 4.546039e-02 -7.958473e-01 3.879055e+00 1.622308e+00 -3.253735e+00 4.311469e-01 1.778173e+00 1.077355e+00 1.221212e+00 2.512375e-02 1.867326e-01 -2.544200e+00 -1.075936e+00 -1.404518e+00 1.601696e+00 5.717980e-02 3.542423e+00 -8.073985e-01 -2.066098e+00 -5.266899e+00 -2.625578e+00 1.155638e+00 1.893252e+00 
120 1681 0 0 0 2.472020e+00 -4.444408e+00 -1.777683e+00 8.625316e-01 -3.866276e+00 1.578642e+00 1.874131e-02 1.459133e-01 -3.544119e+00 2.276572e-02 -9.435484e-01 3.749201e+00 1.613225e+00 -3.366480e+00 3.837706e-01 1.803968e+00 9.068566e-01 1.147957e+00 -2.820641e-02 8.725150e-02 -2.564496e+00 -1.242081e+00 -1.361302e+00 1.570761e+00 -3.569344e-02 3.356178e+00 -9.299786e-01 -2.213639e+00 -5.229497e+00 -2.694353e+00 1.199889e+00 1.919193e+00 
121 1695 0 0 0 2.494855e+00 -4.401165e+00 -1.829387e+00 8.399498e-01 -3.744060e+00 1.491379e+00 7.155284e-02 2.223343e-01 -3.536548e+00 -1.385347e-02 -1.010529e+00 3.633714e+00 1.585960e+00 -3.407337e+00 2.898395e-01 1.921990e+00 8.829204e-01 1.258584e+00 -9.528980e-02 8.386436e-02 -2.726573e+00 -1.155575e+00 -1.278281e+00 1.680362e+00 -8.023938e-02 3.228477e+00 -1.030342e+00 -2.231642e+00 -5.323242e+00 -2.544627e+00 1.145149e+00 1.859994e+00 
122 1709 0 0 0 2.583331e+00 -4.425937e+00 -1.909943e+00 7.620994e-01 -3.783555e+00 1.486254e+00 5.842700e-02 2.008020e-01 -3.572491e+00 -2.017542e-02 -1.058050e+00 3.571909e+00 1.664052e+00 -3.349849e+00 2.194523e-01 1.856960e+00 8.661838e-01 1.197847e+00 -1.132144e-01 4.930963e-02 -2.652715e+00 -1.094546e+00 -1.308463e+00 1.671124e+00 -1.436515e-02 3.304032e+00 -1.098762e+00 -2.212499e+00 -5.281257e+00 -2.518967e+00 1.214732e+00 1.832772e+00 
123 1723 0 0 0 2.615679e+00 -4.514681e+00 -1.824979e+00 8.136436e-01 -3.800147e+00 1.515939e+00 -5.198506e-02 3.054899e-01 -3.543329e+00 1.522851e-01 -1.044712e+00 3.695605e+00 1.553078e+00 -3.345236e+00 1.269681e-01 1.755849e+00 8.280405e-01 1.172822e+00 -1.357001e-01 1.231649e-01 -2.601684e+00 -9.876186e-01 -1.344813e+00 1.698145e+00 1.446897e-01 3.252202e+00 -1.085650e+00 -2.193237e+00 -5.307912e+00 -2.548782e+00 1.250278e+00 1.790179e+00 
124 1737 0 0 0 2.501455e+00 -4.414064e+00 -1.980846e+00 7.310713e-01 -3.850849e+00 1.471302e+00 -2.960994e-02 3.672143e-01 -3.501963e+00 8.781325e-02 -9.066670e-01 3.727251e+00 1.609815e+00 -3.305050e+00 1.497764e-01 1.735212e+00 8.986128e-01 1.060704e+00 -3.641257e-02 5.628277e-02 -2.728856e+00 -9.966737e-01 -1.294952e+00 1.715487e+00 4.999656e-02 3.330430e+00 -1.193016e+00 -2.196921e+00 -5.324506e+00 -2.597722e+00 1.322633e+00 1.847650e+00 
125 1751 0 0 0 2.520971e+00 -4.438093e+00 -1.927396e+00 7.651500e-01 -3.890924e+00 1.543451e+00 -7.705796e-02 4.433296e-01 -3.506292e+00 1.060674e-01 -9.522424e-01 3.596128e+00 1.583846e+00 -3.345856e+00 2.314872e-01 1.735657e+00 8.235542e-01 1.106187e+00 -6.889862e-02 8.983797e-02 -2.662835e+00 -1.066161e+00 -1.290522e+00 1.718170e+00 2.105136e-03 3.409870e+00 -1.281681e+00 -2.279994e+00 -5.443439e+00 -2.626705e+00 1.409415e+00 1.907067e+00 
126 1765 0 0 0 2.540848e+00 -4.540096e+00 -1.837881e+00 8.824355e-01 -3.855543e+00 1.448626e+00 -1.010186e-01 4.068990e-01 -3.554060e+00 2.011468e-01 -9.890258e-01 3.544904e+00 1.612752e+00 -3.499714e+00 2.720697e-01 1.842791e+00 8.889015e-01 1.115915e+00 -6.728450e-02 6.926732e-02 -2.701484e+00 -9.872456e-01 -1.393802e+00 1.668208e+00 -3.996607e-02 3.352724e+00 -1.338482e+00 -2.307675e+00 -5.499103e+00 -2.638564e+00 1.395049e+00 1.896394e+00 
127 1779 0 0 0 2.555732e+00 -4.540972e+00 -1.873183e+00 8.669490e-01 -3.759731e+00 1.415018e+00 7.624405e-02 3.181708e-01 -3.555480e+00 1.254292e-01 -1.131263e+00 3.547348e+00 1.651297e+00 -3.545092e+00 2.583421e-01 1.843466e+00 9.731482e-01 1.049006e+00 -1.006370e-01 -3.015962e-02 -2.688326e+00 -9.986196e-01 -1.371002e+00 1.644220e+00 -1.007144e-01 3.272198e+00 -1.394025e+00 -2.186296e+00 -5.531386e+00 -2.655590e+00 1.412777e+00 1.830053e+00 
128 1793 0 0 0 2.403997e+00 -4.627684e+00 -1.832597e+00 9.375598e-01 -3.752534e+00 1.365046e+00 3.949132e-02 3.357339e-01 -3.585598e+00 2.920039e-01 -1.070113e+00 3.654287e+00 1.742400e+00 -3.550984e+00 2.364205e-01 1.861724e+00 1.027066e+00 1.054187e+00 -1.556117e-01 -4.811540e-02 -2.898134e+00 -1.011535e+00 -1.375744e+00 1.800430e+00 -1.288268e-01 3.232904e+00 -1.462286e+00 -2.138754e+00 -5.466415e+00 -2.649154e+00 1.388736e+00 1.654236e+00 
129 1807 0 0 0 2.308999e+00 -4.601822e+00 -1.883862e+00 9.598057e-01 -3.739054e+00 1.324261e+00 3.163425e-03 3.661195e-01 -3.621456e+00 3.782268e-01 -1.207242e+00 3.675142e+00 1.708432e+00 -3.653713e+00 1.648149e-01 1.765062e+00 1.043538e+00 1.027301e+00 -1.432275e-01 -4.813978e-02 -2.869243e+00 -1.039077e+00 -1.489303e+00 1.771031e+00 -1.907741e-01 3.288805e+00 -1.526083e+00 -2.223299e+00 -5.519721e+00 -2.655791e+00 1.462569e+00 1.734537e+00 
130 1821 0 0 0 2.407830e+00 -4.701973e+00 -1.985618e+00 8.623324e-01 -3.807903e+00 1.346265e+00 -3.114349e-02 2.819851e-01 -3.664695e+00 4.355168e-01 -9.929529e-01 3.640395e+00 1.687027e+00 -3.701118e+00 6.984561e-02 1.647143e+00 1.042401e+00 9.825398e-01 -1.625877e-01 -7.091275e-02 -2.947967e+00 -1.050092e+00 -1.403365e+00 1.723177e+00 -1.904458e-01 3.342893e+00 -1.667604e+00 -2.277764e+00 -5.511072e+00 -2.683534e+00 1.595218e+00 1.692942e+00 
131 1835 0 0 0 2.505388e+00 -4.751330e+00 -1.952251e+00 8.704545e-01 -3.865506e+00 1.273458e+00 -5.220607e-02 2.205828e-01 -3.685170e+00 5.903158e-01 -1.012451e+00 3.730477e+00 1.641567e+00 -3.627903e+00 1.237519e-01 1.589770e+00 1.044790e+00 1.078554e+00 -1.133141e-01 -7.368366e-02 -2.985409e+00 -1.039176e+00 -1.291294e+00 1.735079e+00 -8.389158e-02 3.422453e+00 -1.617547e+00 -2.349393e+00 -5.559500e+00 -2.647133e+00 1.598827e+00 1.841779e+00 
132 1849 0 0 0 2.600148e+00 -4.810808e+00 -1.956234e+00 7.887009e-01 -3.861042e+00 1.319610e+00 1.486341e-02 2.853834e-01 -3.756605e+00 6.134532e-01 -9.679256e-01 3.726481e+00 1.593772e+00 -3.660096e+00 6.985521e-02 1.714248e+00 9.449046e-01 1.136657e+00 -1.799916e-01 1.730059e-02 -3.081944e+00 -1.065431e+00 -1.418779e+00 1.679493e+00 -1.020924e-01 3.519128e+00 -1.482962e+00 -2.374413e+00 -5.561025e+00 -2.551048e+00 1.708237e+00 2.065677e+00 
133 1863 0 0 0 2.673410e+00 -4.696116e+00 -1.987815e+00 8.087467e-01 -3.926834e+00 1.369746e+00 1.600663e-02 2.539127e-01 -3.743976e+00 5.587603e-01 -1.040543e+00 3.809015e+00 1.590340e+00 -3.687620e+00 7.184044e-02 1.725949e+00 9.336045e-01 1.177581e+00 -1.557981e-01 9.904621e-02 -3.021434e+00 -9.429181e-01 -1.396268e+00 1.740986e+00 6.551615e-02 3.499464e+00 -1.538939e+00 -2.184067e+00 -5.629468e+00 -2.686046e+00 1.727038e+00 1.983921e+00 
134 1877 0 0 0 2.629061e+00 -4.717728e+00 -2.007101e+00 8.789898e-01 -4.019267e+00 1.279236e+00 -7.152711e-02 8.180428e-02 -3.695539e+00 6.010573e-01 -9.673236e-01 3.838875e+00 1.593639e+00 -3.642568e+00 -3.007279e-02 1.682598e+00 8.968855e-01 1.213515e+00 -1.805070e-01 8.852989e-02 -2.948781e+00 -8.381547e-01 -1.526445e+00 1.646439e+00 2.532077e-01 3.616811e+00 -1.428928e+00 -2.103672e+00 -5.691166e+00 -2.764754e+00 1.642507e+00 1.984889e+00 
135 1891 0 0 0 2.554291e+00 -4.742237e+00 -1.992229e+00 9.966223e-01 -3.913608e+00 1.303513e+00 -8.464172e-02 9.003522e-02 -3.810520e+00 4.295916e-01 -1.004155e+00 3.705198e+00 1.667719e+00 -3.741734e+00 -5.372637e-02 1.655766e+00 7.843108e-01 1.285924e+00 -9.713671e-02 7.290267e-02 -3.015752e+00 -8.248451e-01 -1.620880e+00 1.650426e+00 3.853123e-01 3.656393e+00 -1.393630e+00 -2.210065e+00 -5.877978e+00 -2.662867e+00 1.655777e+00 2.055065e+00 
136 1905 0 0 0 2.595333e+00 -4.765025e+00 -1.912833e+00 9.035124e-01 -3.896377e+00 1.278453e+00 8.345771e-02 2.270454e-01 -3.869363e+00 3.700588e-01 -9.501273e-01 3.730318e+00 1.549755e+00 -3.780904e+00 -1.384122e-02 1.524177e+00 7.351615e-01 1.228927e+00 -1.769231e-02 1.439932e-01 -2.879377e+00 -8.921152e-01 -1.623644e+00 1.577969e+00 3.900060e-01 3.729090e+00 -1.461554e+00 -2.185279e+00 -5.802250e+00 -2.641302e+00 1.581942e+00 1.890578e+00 
137 1919 0 0 0 2.487391e+00 -4.797516e+00 -1.872961e+00 8.689772e-01 -3.797427e+00 1.326827e+00 3.775657e-02 3.078252e-01 -3.958291e+00 3.133267e-01 -8.457199e-01 3.786066e+00 1.588376e+00 -3.852577e+00 9.220041e-03 1.602690e+00 7.149287e-01 1.267698e+00 4.741217e-02 1.298031e-01 -2.908374e+00 -8.632579e-01 -1.711005e+00 1.546926e+00 3.144693e-01 3.728759e+00 -1.375951e+00 -2.184382e+00 -5.821757e+00 -2.678519e+00 1.487502e+00 1.876692e+00 
138 1933 0 0 0 2.600467e+00 -4.745960e+00 -1.999031e+00 8.952633e-01 -3.874780e+00 1.314856e+00 1.395019e-01 2.360742e-01 -4.000647e+00 3.181940e-01 -7.778391e-01 3.854388e+00 1.671608e+00 -3.806285e+00 8.059661e-03 1.549819e+00 8.036722e-01 1.290314e+00 -1.495362e-02 7.978100e-02 -2.830114e+00 -8.430302e-01 -1.621176e+00 1.600711e+00 2.435798e-01 3.776480e+00 -1.333723e+00 -2.178387e+00 -5.839743e+00 -2.524664e+00 1.444648e+00 1.866645e+00 
